Date,Low,Open,Volume,High,Close,Adjusted Close
07-10-2003,0.6600000262260437,0.6600000262260437,0,0.6600000262260437,0.6600000262260437,0.30393412709236145
08-10-2003,0.6600000262260437,0.6600000262260437,0,0.6600000262260437,0.6600000262260437,0.30393412709236145
09-10-2003,0.7200000286102295,0.7200000286102295,500,0.7200000286102295,0.7200000286102295,0.3315645158290863
10-10-2003,0.6600000262260437,0.6600000262260437,5000,0.6600000262260437,0.6600000262260437,0.30393412709236145
13-10-2003,0.6600000262260437,0.6600000262260437,0,0.6600000262260437,0.6600000262260437,0.30393412709236145
14-10-2003,0.6399999856948853,0.6399999856948853,400,0.6399999856948853,0.6399999856948853,0.2947239577770233
15-10-2003,0.6399999856948853,0.6399999856948853,0,0.6399999856948853,0.6399999856948853,0.2947239577770233
16-10-2003,0.6600000262260437,0.7200000286102295,2500,0.7200000286102295,0.6600000262260437,0.30393412709236145
17-10-2003,0.6600000262260437,0.6600000262260437,0,0.6600000262260437,0.6600000262260437,0.30393412709236145
20-10-2003,0.6600000262260437,0.6600000262260437,0,0.6600000262260437,0.6600000262260437,0.30393412709236145
21-10-2003,0.6600000262260437,0.6600000262260437,0,0.6600000262260437,0.6600000262260437,0.30393412709236145
22-10-2003,0.6600000262260437,0.6600000262260437,0,0.6600000262260437,0.6600000262260437,0.30393412709236145
23-10-2003,0.6800000071525574,0.6800000071525574,5000,0.6800000071525574,0.6800000071525574,0.3131442666053772
24-10-2003,0.6399999856948853,0.6499999761581421,68900,0.6700000166893005,0.6499999761581421,0.29932910203933716
27-10-2003,0.6299999952316284,0.6299999952316284,21500,0.6700000166893005,0.6499999761581421,0.29932910203933716
28-10-2003,0.6299999952316284,0.6399999856948853,5200,0.6399999856948853,0.6299999952316284,0.290118932723999
29-10-2003,0.6100000143051147,0.6100000143051147,300,0.6100000143051147,0.6100000143051147,0.28090882301330566
30-10-2003,0.6100000143051147,0.6100000143051147,100,0.6100000143051147,0.6100000143051147,0.28090882301330566
31-10-2003,0.6100000143051147,0.6100000143051147,8000,0.6200000047683716,0.6200000047683716,0.28551384806632996
03-11-2003,0.6100000143051147,0.6399999856948853,5800,0.6499999761581421,0.6499999761581421,0.29932910203933716
04-11-2003,0.6499999761581421,0.6499999761581421,0,0.6499999761581421,0.6499999761581421,0.29932910203933716
05-11-2003,0.6100000143051147,0.6100000143051147,25300,0.6200000047683716,0.6200000047683716,0.28551384806632996
06-11-2003,0.6100000143051147,0.6100000143051147,2800,0.6499999761581421,0.6499999761581421,0.29932910203933716
07-11-2003,0.6499999761581421,0.6499999761581421,11500,0.6499999761581421,0.6499999761581421,0.29932910203933716
10-11-2003,0.6399999856948853,0.6499999761581421,73000,0.6600000262260437,0.6600000262260437,0.30393412709236145
11-11-2003,0.6499999761581421,0.6800000071525574,59700,0.8799999952316284,0.800000011920929,0.3684050142765045
12-11-2003,0.6200000047683716,0.6700000166893005,78600,0.6700000166893005,0.6399999856948853,0.2947239577770233
13-11-2003,0.6399999856948853,0.6399999856948853,200,0.6399999856948853,0.6399999856948853,0.2947239577770233
14-11-2003,0.6100000143051147,0.6100000143051147,25300,0.6299999952316284,0.6299999952316284,0.290118932723999
17-11-2003,0.6000000238418579,0.6100000143051147,15000,0.6200000047683716,0.6000000238418579,0.2763036787509918
18-11-2003,0.6000000238418579,0.6000000238418579,0,0.6000000238418579,0.6000000238418579,0.2763036787509918
19-11-2003,0.6100000143051147,0.6200000047683716,3000,0.6200000047683716,0.6100000143051147,0.28090882301330566
20-11-2003,0.5799999833106995,0.6000000238418579,26700,0.6000000238418579,0.6000000238418579,0.2763036787509918
21-11-2003,0.5799999833106995,0.5799999833106995,36900,0.6000000238418579,0.5799999833106995,0.2670935094356537
24-11-2003,0.550000011920929,0.5699999928474426,8300,0.5699999928474426,0.550000011920929,0.2532784044742584
25-11-2003,0.550000011920929,0.550000011920929,12700,0.550000011920929,0.550000011920929,0.2532784044742584
26-11-2003,0.5199999809265137,0.550000011920929,15000,0.550000011920929,0.5199999809265137,0.2394632250070572
28-11-2003,0.5199999809265137,0.5199999809265137,0,0.5199999809265137,0.5199999809265137,0.2394632250070572
01-12-2003,0.5,0.5199999809265137,42700,0.5299999713897705,0.5,0.23025313019752502
02-12-2003,0.47999998927116394,0.47999998927116394,29600,0.49000000953674316,0.47999998927116394,0.22104303538799286
03-12-2003,0.4699999988079071,0.4699999988079071,55900,0.5,0.5,0.23025313019752502
04-12-2003,0.4699999988079071,0.4699999988079071,13000,0.4699999988079071,0.4699999988079071,0.2164379209280014
05-12-2003,0.5,0.5,18000,0.5600000023841858,0.5600000023841858,0.2578835189342499
08-12-2003,0.5699999928474426,0.5699999928474426,2000,0.5699999928474426,0.5699999928474426,0.2624885141849518
09-12-2003,0.5299999713897705,0.5299999713897705,1000,0.5299999713897705,0.5299999713897705,0.24406830966472626
10-12-2003,0.5299999713897705,0.5299999713897705,0,0.5299999713897705,0.5299999713897705,0.24406830966472626
11-12-2003,0.5299999713897705,0.5299999713897705,500,0.5299999713897705,0.5299999713897705,0.24406830966472626
12-12-2003,0.5,0.5299999713897705,47500,0.6000000238418579,0.6000000238418579,0.2763036787509918
15-12-2003,0.550000011920929,0.550000011920929,3300,0.5600000023841858,0.5600000023841858,0.2578835189342499
16-12-2003,0.5600000023841858,0.5600000023841858,0,0.5600000023841858,0.5600000023841858,0.2578835189342499
17-12-2003,0.550000011920929,0.550000011920929,1400,0.550000011920929,0.550000011920929,0.2532784044742584
18-12-2003,0.550000011920929,0.550000011920929,500,0.550000011920929,0.550000011920929,0.2532784044742584
19-12-2003,0.550000011920929,0.550000011920929,5500,0.550000011920929,0.550000011920929,0.2532784044742584
22-12-2003,0.550000011920929,0.550000011920929,2300,0.550000011920929,0.550000011920929,0.2532784044742584
23-12-2003,0.5299999713897705,0.6000000238418579,3300,0.6000000238418579,0.5299999713897705,0.24406830966472626
24-12-2003,0.5299999713897705,0.5299999713897705,1000,0.5299999713897705,0.5299999713897705,0.24406830966472626
26-12-2003,0.5,0.5299999713897705,4800,0.5299999713897705,0.5,0.23025313019752502
29-12-2003,0.5,0.5,11200,0.6000000238418579,0.6000000238418579,0.2763036787509918
30-12-2003,0.5,0.5,2000,0.5,0.5,0.23025313019752502
31-12-2003,0.5,0.5,8100,0.5199999809265137,0.5,0.23025313019752502
02-01-2004,0.5,0.5,0,0.5,0.5,0.23025313019752502
05-01-2004,0.5400000214576721,0.550000011920929,400,0.550000011920929,0.5400000214576721,0.24867336452007294
06-01-2004,0.550000011920929,0.550000011920929,3500,0.550000011920929,0.550000011920929,0.2532784044742584
07-01-2004,0.5099999904632568,0.550000011920929,11000,0.550000011920929,0.5299999713897705,0.24406830966472626
08-01-2004,0.5299999713897705,0.5299999713897705,0,0.5299999713897705,0.5299999713897705,0.24406830966472626
09-01-2004,0.5199999809265137,0.5199999809265137,300,0.5199999809265137,0.5199999809265137,0.2394632250070572
12-01-2004,0.5099999904632568,0.5199999809265137,32300,0.5299999713897705,0.5099999904632568,0.23485815525054932
13-01-2004,0.5099999904632568,0.5099999904632568,3200,0.5099999904632568,0.5099999904632568,0.23485815525054932
14-01-2004,0.5099999904632568,0.5099999904632568,0,0.5099999904632568,0.5099999904632568,0.23485815525054932
15-01-2004,0.5099999904632568,0.5099999904632568,1000,0.5099999904632568,0.5099999904632568,0.23485815525054932
16-01-2004,0.5099999904632568,0.5099999904632568,15200,0.5199999809265137,0.5199999809265137,0.2394632250070572
20-01-2004,0.5699999928474426,0.5699999928474426,1800,0.5699999928474426,0.5699999928474426,0.2624885141849518
21-01-2004,0.5699999928474426,0.5699999928474426,0,0.5699999928474426,0.5699999928474426,0.2624885141849518
22-01-2004,0.5600000023841858,0.6000000238418579,2000,0.6000000238418579,0.5600000023841858,0.2578835189342499
23-01-2004,0.5600000023841858,0.5600000023841858,0,0.5600000023841858,0.5600000023841858,0.2578835189342499
26-01-2004,0.6000000238418579,0.6200000047683716,8000,0.699999988079071,0.699999988079071,0.32235434651374817
27-01-2004,0.699999988079071,0.699999988079071,0,0.699999988079071,0.699999988079071,0.32235434651374817
28-01-2004,0.699999988079071,0.699999988079071,0,0.699999988079071,0.699999988079071,0.32235434651374817
29-01-2004,0.6499999761581421,0.6499999761581421,4500,0.6499999761581421,0.6499999761581421,0.29932910203933716
30-01-2004,0.6499999761581421,0.6499999761581421,8000,0.7300000190734863,0.7200000286102295,0.3315645158290863
02-02-2004,0.7200000286102295,0.7200000286102295,0,0.7200000286102295,0.7200000286102295,0.3315645158290863
03-02-2004,0.7900000214576721,0.800000011920929,26400,0.8999999761581421,0.800000011920929,0.3684050142765045
04-02-2004,0.699999988079071,0.699999988079071,1000,0.699999988079071,0.699999988079071,0.32235434651374817
05-02-2004,0.699999988079071,0.699999988079071,1800,0.75,0.75,0.34537968039512634
06-02-2004,0.75,0.800000011920929,6500,0.800000011920929,0.75,0.34537968039512634
09-02-2004,0.7099999785423279,0.8399999737739563,15000,0.8500000238418579,0.75,0.34537968039512634
10-02-2004,0.699999988079071,0.7099999785423279,4600,0.75,0.699999988079071,0.32235434651374817
11-02-2004,0.75,0.800000011920929,31100,0.8999999761581421,0.75,0.34537968039512634
12-02-2004,0.75,0.75,21600,0.7799999713897705,0.7799999713897705,0.35919487476348877
13-02-2004,0.7799999713897705,0.7799999713897705,0,0.7799999713897705,0.7799999713897705,0.35919487476348877
17-02-2004,0.75,0.7599999904632568,54400,0.7699999809265137,0.7699999809265137,0.3545897603034973
18-02-2004,0.7799999713897705,0.7799999713897705,800,0.7799999713897705,0.7799999713897705,0.35919487476348877
19-02-2004,0.7200000286102295,0.7599999904632568,7000,0.7599999904632568,0.7200000286102295,0.3315645158290863
20-02-2004,0.699999988079071,0.699999988079071,200,0.699999988079071,0.699999988079071,0.32235434651374817
23-02-2004,0.699999988079071,0.699999988079071,300,0.699999988079071,0.699999988079071,0.32235434651374817
24-02-2004,0.699999988079071,0.699999988079071,5800,0.699999988079071,0.699999988079071,0.32235434651374817
25-02-2004,0.699999988079071,0.699999988079071,0,0.699999988079071,0.699999988079071,0.32235434651374817
26-02-2004,0.6499999761581421,0.6499999761581421,3500,0.6499999761581421,0.6499999761581421,0.29932910203933716
27-02-2004,0.6000000238418579,0.6299999952316284,6000,0.6299999952316284,0.6000000238418579,0.2763036787509918
01-03-2004,0.6499999761581421,0.6499999761581421,1500,0.6499999761581421,0.6499999761581421,0.29932910203933716
02-03-2004,0.6100000143051147,0.6499999761581421,10300,0.6499999761581421,0.6299999952316284,0.290118932723999
03-03-2004,0.6299999952316284,0.6299999952316284,26700,0.6499999761581421,0.6399999856948853,0.2947239577770233
04-03-2004,0.6100000143051147,0.6100000143051147,15000,0.6200000047683716,0.6200000047683716,0.28551384806632996
05-03-2004,0.6200000047683716,0.6200000047683716,0,0.6200000047683716,0.6200000047683716,0.28551384806632996
08-03-2004,0.6200000047683716,0.6200000047683716,0,0.6200000047683716,0.6200000047683716,0.28551384806632996
09-03-2004,0.6200000047683716,0.6200000047683716,0,0.6200000047683716,0.6200000047683716,0.28551384806632996
10-03-2004,0.6000000238418579,0.6000000238418579,2200,0.6000000238418579,0.6000000238418579,0.2763036787509918
11-03-2004,0.6399999856948853,0.6399999856948853,800,0.6399999856948853,0.6399999856948853,0.2947239577770233
12-03-2004,0.5699999928474426,0.6000000238418579,10700,0.6000000238418579,0.5799999833106995,0.2670935094356537
15-03-2004,0.550000011920929,0.5699999928474426,19500,0.5799999833106995,0.5799999833106995,0.2670935094356537
16-03-2004,0.5799999833106995,0.5799999833106995,0,0.5799999833106995,0.5799999833106995,0.2670935094356537
17-03-2004,0.550000011920929,0.550000011920929,2200,0.5600000023841858,0.5600000023841858,0.2578835189342499
18-03-2004,0.6000000238418579,0.6000000238418579,200,0.6000000238418579,0.6000000238418579,0.2763036787509918
19-03-2004,0.550000011920929,0.550000011920929,1400,0.550000011920929,0.550000011920929,0.2532784044742584
22-03-2004,0.550000011920929,0.550000011920929,0,0.550000011920929,0.550000011920929,0.2532784044742584
23-03-2004,0.550000011920929,0.550000011920929,0,0.550000011920929,0.550000011920929,0.2532784044742584
24-03-2004,0.5199999809265137,0.5199999809265137,200,0.550000011920929,0.550000011920929,0.2532784044742584
25-03-2004,0.550000011920929,0.550000011920929,0,0.550000011920929,0.550000011920929,0.2532784044742584
26-03-2004,0.550000011920929,0.550000011920929,0,0.550000011920929,0.550000011920929,0.2532784044742584
29-03-2004,0.550000011920929,0.550000011920929,0,0.550000011920929,0.550000011920929,0.2532784044742584
30-03-2004,0.550000011920929,0.550000011920929,0,0.550000011920929,0.550000011920929,0.2532784044742584
31-03-2004,0.5199999809265137,0.5199999809265137,50800,0.550000011920929,0.5299999713897705,0.24406830966472626
01-04-2004,0.5299999713897705,0.5299999713897705,0,0.5299999713897705,0.5299999713897705,0.24406830966472626
02-04-2004,0.5299999713897705,0.5299999713897705,0,0.5299999713897705,0.5299999713897705,0.24406830966472626
05-04-2004,0.5199999809265137,0.5400000214576721,1000,0.5400000214576721,0.5199999809265137,0.2394632250070572
06-04-2004,0.5199999809265137,0.5199999809265137,0,0.5199999809265137,0.5199999809265137,0.2394632250070572
07-04-2004,0.5199999809265137,0.5199999809265137,0,0.5199999809265137,0.5199999809265137,0.2394632250070572
08-04-2004,0.5299999713897705,0.5299999713897705,7000,0.5699999928474426,0.5299999713897705,0.24406830966472626
12-04-2004,0.5299999713897705,0.550000011920929,1200,0.550000011920929,0.5299999713897705,0.24406830966472626
13-04-2004,0.550000011920929,0.550000011920929,3000,0.5799999833106995,0.5600000023841858,0.2578835189342499
14-04-2004,0.550000011920929,0.550000011920929,10800,0.6000000238418579,0.6000000238418579,0.2763036787509918
15-04-2004,0.6000000238418579,0.6200000047683716,22500,0.6200000047683716,0.6000000238418579,0.2763036787509918
16-04-2004,0.5600000023841858,0.5600000023841858,1500,0.5600000023841858,0.5600000023841858,0.2578835189342499
19-04-2004,0.5600000023841858,0.5600000023841858,14000,0.5600000023841858,0.5600000023841858,0.2578835189342499
20-04-2004,0.5699999928474426,0.5699999928474426,1400,0.5699999928474426,0.5699999928474426,0.2624885141849518
21-04-2004,0.6499999761581421,0.6499999761581421,3500,0.7799999713897705,0.7799999713897705,0.35919487476348877
22-04-2004,0.7799999713897705,0.7799999713897705,0,0.7799999713897705,0.7799999713897705,0.35919487476348877
23-04-2004,0.7799999713897705,0.7799999713897705,0,0.7799999713897705,0.7799999713897705,0.35919487476348877
26-04-2004,0.6700000166893005,0.6700000166893005,400,0.699999988079071,0.699999988079071,0.32235434651374817
27-04-2004,0.6700000166893005,0.6700000166893005,3000,0.6700000166893005,0.6700000166893005,0.30853918194770813
28-04-2004,0.6700000166893005,0.6700000166893005,4100,0.6700000166893005,0.6700000166893005,0.30853918194770813
29-04-2004,0.6700000166893005,0.6700000166893005,0,0.6700000166893005,0.6700000166893005,0.30853918194770813
30-04-2004,0.6700000166893005,0.6700000166893005,900,0.6700000166893005,0.6700000166893005,0.30853918194770813
03-05-2004,0.699999988079071,0.699999988079071,1400,0.699999988079071,0.699999988079071,0.32235434651374817
04-05-2004,0.6700000166893005,0.7099999785423279,20200,0.7099999785423279,0.6700000166893005,0.30853918194770813
05-05-2004,0.699999988079071,0.699999988079071,1600,0.699999988079071,0.699999988079071,0.32235434651374817
06-05-2004,0.6600000262260437,0.6600000262260437,5000,0.6600000262260437,0.6600000262260437,0.30393412709236145
07-05-2004,0.6600000262260437,0.6600000262260437,0,0.6600000262260437,0.6600000262260437,0.30393412709236145
10-05-2004,0.6600000262260437,0.6600000262260437,0,0.6600000262260437,0.6600000262260437,0.30393412709236145
11-05-2004,0.6499999761581421,0.6499999761581421,2300,0.6499999761581421,0.6499999761581421,0.29932910203933716
12-05-2004,0.6499999761581421,0.6499999761581421,0,0.6499999761581421,0.6499999761581421,0.29932910203933716
13-05-2004,0.6000000238418579,0.6000000238418579,6300,0.6000000238418579,0.6000000238418579,0.2763036787509918
14-05-2004,0.6000000238418579,0.6000000238418579,0,0.6000000238418579,0.6000000238418579,0.2763036787509918
17-05-2004,0.6000000238418579,0.6000000238418579,0,0.6000000238418579,0.6000000238418579,0.2763036787509918
18-05-2004,0.6000000238418579,0.6000000238418579,0,0.6000000238418579,0.6000000238418579,0.2763036787509918
19-05-2004,0.6000000238418579,0.6000000238418579,0,0.6000000238418579,0.6000000238418579,0.2763036787509918
20-05-2004,0.5199999809265137,0.5199999809265137,200,0.5199999809265137,0.5199999809265137,0.2394632250070572
21-05-2004,0.5199999809265137,0.5199999809265137,0,0.5199999809265137,0.5199999809265137,0.2394632250070572
24-05-2004,0.5199999809265137,0.5199999809265137,400,0.5199999809265137,0.5199999809265137,0.2394632250070572
25-05-2004,0.5199999809265137,0.5199999809265137,0,0.5199999809265137,0.5199999809265137,0.2394632250070572
26-05-2004,0.5199999809265137,0.5199999809265137,0,0.5199999809265137,0.5199999809265137,0.2394632250070572
27-05-2004,0.5199999809265137,0.5199999809265137,800,0.699999988079071,0.699999988079071,0.32235434651374817
28-05-2004,0.5199999809265137,0.5199999809265137,12500,0.6000000238418579,0.5199999809265137,0.2394632250070572
01-06-2004,0.5199999809265137,0.5199999809265137,0,0.5199999809265137,0.5199999809265137,0.2394632250070572
02-06-2004,0.6499999761581421,0.6499999761581421,500,0.6499999761581421,0.6499999761581421,0.29932910203933716
03-06-2004,0.6499999761581421,0.6499999761581421,0,0.6499999761581421,0.6499999761581421,0.29932910203933716
04-06-2004,0.6499999761581421,0.6499999761581421,0,0.6499999761581421,0.6499999761581421,0.29932910203933716
07-06-2004,0.6499999761581421,0.6499999761581421,0,0.6499999761581421,0.6499999761581421,0.29932910203933716
08-06-2004,0.6499999761581421,0.6499999761581421,0,0.6499999761581421,0.6499999761581421,0.29932910203933716
09-06-2004,0.6499999761581421,0.6499999761581421,0,0.6499999761581421,0.6499999761581421,0.29932910203933716
10-06-2004,0.6000000238418579,0.6200000047683716,70400,0.6700000166893005,0.6700000166893005,0.30853918194770813
14-06-2004,0.6000000238418579,0.6000000238418579,1000,0.6299999952316284,0.6000000238418579,0.2763036787509918
15-06-2004,0.6000000238418579,0.6000000238418579,0,0.6000000238418579,0.6000000238418579,0.2763036787509918
16-06-2004,0.5600000023841858,0.699999988079071,99800,0.800000011920929,0.5799999833106995,0.2670935094356537
17-06-2004,0.5699999928474426,0.5699999928474426,45400,0.800000011920929,0.7900000214576721,0.36379992961883545
18-06-2004,0.6399999856948853,0.6399999856948853,25200,0.7799999713897705,0.699999988079071,0.32235434651374817
21-06-2004,0.6600000262260437,0.6600000262260437,18300,0.6800000071525574,0.6700000166893005,0.30853918194770813
22-06-2004,0.6600000262260437,0.6700000166893005,44700,0.6800000071525574,0.6800000071525574,0.3131442666053772
23-06-2004,0.6600000262260437,0.6600000262260437,400,0.6600000262260437,0.6600000262260437,0.30393412709236145
24-06-2004,0.6600000262260437,0.6600000262260437,9700,0.75,0.75,0.34537968039512634
25-06-2004,0.75,0.75,0,0.75,0.75,0.34537968039512634
28-06-2004,0.6800000071525574,0.6800000071525574,2200,0.699999988079071,0.699999988079071,0.32235434651374817
29-06-2004,0.699999988079071,0.7300000190734863,16500,0.75,0.699999988079071,0.32235434651374817
30-06-2004,0.75,0.75,5900,0.7799999713897705,0.7799999713897705,0.35919487476348877
01-07-2004,0.699999988079071,0.7400000095367432,8200,0.7400000095367432,0.699999988079071,0.32235434651374817
02-07-2004,0.699999988079071,0.699999988079071,0,0.699999988079071,0.699999988079071,0.32235434651374817
06-07-2004,0.699999988079071,0.699999988079071,0,0.699999988079071,0.699999988079071,0.32235434651374817
07-07-2004,0.699999988079071,0.699999988079071,0,0.699999988079071,0.699999988079071,0.32235434651374817
08-07-2004,0.6499999761581421,0.7400000095367432,5700,0.7400000095367432,0.6499999761581421,0.29932910203933716
09-07-2004,0.6499999761581421,0.6499999761581421,200,0.6499999761581421,0.6499999761581421,0.29932910203933716
12-07-2004,0.6499999761581421,0.6499999761581421,0,0.6499999761581421,0.6499999761581421,0.29932910203933716
13-07-2004,0.7200000286102295,0.7200000286102295,1000,0.7200000286102295,0.7200000286102295,0.3315645158290863
14-07-2004,0.6499999761581421,0.6499999761581421,200,0.6499999761581421,0.6499999761581421,0.29932910203933716
15-07-2004,0.6499999761581421,0.6499999761581421,0,0.6499999761581421,0.6499999761581421,0.29932910203933716
16-07-2004,0.6499999761581421,0.6499999761581421,0,0.6499999761581421,0.6499999761581421,0.29932910203933716
19-07-2004,0.7200000286102295,0.7200000286102295,1000,0.7200000286102295,0.7200000286102295,0.3315645158290863
20-07-2004,0.6600000262260437,0.6600000262260437,200,0.6600000262260437,0.6600000262260437,0.30393412709236145
21-07-2004,0.6600000262260437,0.6600000262260437,1200,0.6600000262260437,0.6600000262260437,0.30393412709236145
22-07-2004,0.6600000262260437,0.6600000262260437,2000,0.6600000262260437,0.6600000262260437,0.30393412709236145
23-07-2004,0.699999988079071,0.7200000286102295,2800,0.7200000286102295,0.699999988079071,0.32235434651374817
26-07-2004,0.6499999761581421,0.6600000262260437,8600,0.6600000262260437,0.6499999761581421,0.29932910203933716
27-07-2004,0.6499999761581421,0.6600000262260437,52800,0.6700000166893005,0.6600000262260437,0.30393412709236145
28-07-2004,0.6600000262260437,0.6600000262260437,0,0.6600000262260437,0.6600000262260437,0.30393412709236145
29-07-2004,0.6600000262260437,0.6600000262260437,0,0.6600000262260437,0.6600000262260437,0.30393412709236145
30-07-2004,0.6600000262260437,0.6600000262260437,0,0.6600000262260437,0.6600000262260437,0.30393412709236145
02-08-2004,0.6499999761581421,0.6499999761581421,7000,0.6899999976158142,0.6899999976158142,0.3177492618560791
03-08-2004,0.6899999976158142,0.6899999976158142,0,0.6899999976158142,0.6899999976158142,0.3177492618560791
04-08-2004,0.6700000166893005,0.6899999976158142,11000,0.6899999976158142,0.6899999976158142,0.3177492618560791
05-08-2004,0.6399999856948853,0.6499999761581421,30500,0.6800000071525574,0.6499999761581421,0.29932910203933716
06-08-2004,0.6200000047683716,0.6299999952316284,15000,0.6399999856948853,0.6200000047683716,0.28551384806632996
09-08-2004,0.6200000047683716,0.6200000047683716,0,0.6200000047683716,0.6200000047683716,0.28551384806632996
10-08-2004,0.6200000047683716,0.6200000047683716,0,0.6200000047683716,0.6200000047683716,0.28551384806632996
11-08-2004,0.5899999737739563,0.6000000238418579,11600,0.6499999761581421,0.6499999761581421,0.29932910203933716
12-08-2004,0.6000000238418579,0.6100000143051147,5000,0.6100000143051147,0.6000000238418579,0.2763036787509918
13-08-2004,0.6000000238418579,0.6000000238418579,0,0.6000000238418579,0.6000000238418579,0.2763036787509918
16-08-2004,0.5899999737739563,0.5899999737739563,1700,0.5899999737739563,0.5899999737739563,0.271698534488678
17-08-2004,0.5899999737739563,0.5899999737739563,2000,0.5899999737739563,0.5899999737739563,0.271698534488678
18-08-2004,0.5600000023841858,0.5899999737739563,10000,0.5899999737739563,0.5600000023841858,0.2578835189342499
19-08-2004,0.5600000023841858,0.5600000023841858,0,0.5600000023841858,0.5600000023841858,0.2578835189342499
20-08-2004,0.5600000023841858,0.5600000023841858,0,0.5600000023841858,0.5600000023841858,0.2578835189342499
23-08-2004,0.6200000047683716,0.6200000047683716,6000,0.6200000047683716,0.6200000047683716,0.28551384806632996
24-08-2004,0.5699999928474426,0.6700000166893005,10100,0.6700000166893005,0.5699999928474426,0.2624885141849518
25-08-2004,0.5699999928474426,0.5699999928474426,51000,0.5899999737739563,0.5899999737739563,0.271698534488678
26-08-2004,0.5899999737739563,0.5899999737739563,0,0.5899999737739563,0.5899999737739563,0.271698534488678
27-08-2004,0.5600000023841858,0.5600000023841858,7200,0.5600000023841858,0.5600000023841858,0.2578835189342499
30-08-2004,0.550000011920929,0.550000011920929,10600,0.5699999928474426,0.5600000023841858,0.2578835189342499
31-08-2004,0.5299999713897705,0.5299999713897705,4500,0.5299999713897705,0.5299999713897705,0.24406830966472626
01-09-2004,0.5299999713897705,0.5299999713897705,0,0.5299999713897705,0.5299999713897705,0.24406830966472626
02-09-2004,0.5299999713897705,0.5299999713897705,0,0.5299999713897705,0.5299999713897705,0.24406830966472626
03-09-2004,0.5299999713897705,0.5299999713897705,0,0.5299999713897705,0.5299999713897705,0.24406830966472626
07-09-2004,0.550000011920929,0.550000011920929,8600,0.5699999928474426,0.5699999928474426,0.2624885141849518
08-09-2004,0.5400000214576721,0.5400000214576721,7400,0.5400000214576721,0.5400000214576721,0.24867336452007294
09-09-2004,0.5400000214576721,0.5400000214576721,0,0.5400000214576721,0.5400000214576721,0.24867336452007294
10-09-2004,0.5400000214576721,0.5400000214576721,7200,0.6000000238418579,0.6000000238418579,0.2763036787509918
13-09-2004,0.5400000214576721,0.6000000238418579,13000,0.6000000238418579,0.550000011920929,0.2532784044742584
14-09-2004,0.4699999988079071,0.5400000214576721,143000,0.550000011920929,0.4699999988079071,0.2164379209280014
15-09-2004,0.4699999988079071,0.4699999988079071,0,0.4699999988079071,0.4699999988079071,0.2164379209280014
16-09-2004,0.5099999904632568,0.550000011920929,5300,0.550000011920929,0.5099999904632568,0.23485815525054932
17-09-2004,0.550000011920929,0.550000011920929,25000,0.6200000047683716,0.6200000047683716,0.28551384806632996
20-09-2004,0.6499999761581421,0.6499999761581421,11500,0.6499999761581421,0.6499999761581421,0.29932910203933716
21-09-2004,0.6499999761581421,0.6499999761581421,0,0.6499999761581421,0.6499999761581421,0.29932910203933716
22-09-2004,0.6499999761581421,0.6499999761581421,0,0.6499999761581421,0.6499999761581421,0.29932910203933716
23-09-2004,0.6499999761581421,0.6499999761581421,0,0.6499999761581421,0.6499999761581421,0.29932910203933716
24-09-2004,0.6499999761581421,0.6499999761581421,0,0.6499999761581421,0.6499999761581421,0.29932910203933716
27-09-2004,0.5699999928474426,0.5899999737739563,1500,0.6000000238418579,0.5699999928474426,0.2624885141849518
28-09-2004,0.5199999809265137,0.5199999809265137,300,0.5199999809265137,0.5199999809265137,0.2394632250070572
29-09-2004,0.5199999809265137,0.5199999809265137,0,0.5199999809265137,0.5199999809265137,0.2394632250070572
30-09-2004,0.5199999809265137,0.5199999809265137,6000,0.5299999713897705,0.5199999809265137,0.2394632250070572
01-10-2004,0.5199999809265137,0.5199999809265137,600,0.5299999713897705,0.5299999713897705,0.24406830966472626
04-10-2004,0.5299999713897705,0.5299999713897705,0,0.5299999713897705,0.5299999713897705,0.24406830966472626
05-10-2004,0.5199999809265137,0.5199999809265137,15200,0.550000011920929,0.550000011920929,0.2532784044742584
06-10-2004,0.550000011920929,0.550000011920929,0,0.550000011920929,0.550000011920929,0.2532784044742584
07-10-2004,0.5199999809265137,0.5199999809265137,16200,0.5199999809265137,0.5199999809265137,0.2394632250070572
08-10-2004,0.5199999809265137,0.5199999809265137,6000,0.5199999809265137,0.5199999809265137,0.2394632250070572
11-10-2004,0.5199999809265137,0.5199999809265137,26500,0.550000011920929,0.550000011920929,0.2532784044742584
12-10-2004,0.5099999904632568,0.5099999904632568,1100,0.5400000214576721,0.5400000214576721,0.24867336452007294
13-10-2004,0.5400000214576721,0.5400000214576721,0,0.5400000214576721,0.5400000214576721,0.24867336452007294
14-10-2004,0.5,0.5,300,0.5199999809265137,0.5199999809265137,0.2394632250070572
15-10-2004,0.5199999809265137,0.5199999809265137,0,0.5199999809265137,0.5199999809265137,0.2394632250070572
18-10-2004,0.5,0.5,600,0.5199999809265137,0.5199999809265137,0.2394632250070572
19-10-2004,0.5,0.5,500,0.5,0.5,0.23025313019752502
20-10-2004,0.5,0.5,0,0.5,0.5,0.23025313019752502
21-10-2004,0.4699999988079071,0.5,12000,0.5199999809265137,0.4699999988079071,0.2164379209280014
22-10-2004,0.5,0.5,1000,0.5,0.5,0.23025313019752502
25-10-2004,0.4300000071525574,0.4300000071525574,200,0.4300000071525574,0.4300000071525574,0.1980176866054535
26-10-2004,0.5,0.5,100,0.5,0.5,0.23025313019752502
27-10-2004,0.5,0.5199999809265137,20500,0.5199999809265137,0.5,0.23025313019752502
28-10-2004,0.5400000214576721,0.550000011920929,800,0.550000011920929,0.5400000214576721,0.24867336452007294
29-10-2004,0.5400000214576721,0.5400000214576721,0,0.5400000214576721,0.5400000214576721,0.24867336452007294
01-11-2004,0.47999998927116394,0.550000011920929,3200,0.550000011920929,0.47999998927116394,0.22104303538799286
02-11-2004,0.47999998927116394,0.47999998927116394,11000,0.5,0.5,0.23025313019752502
03-11-2004,0.47999998927116394,0.47999998927116394,3200,0.5,0.5,0.23025313019752502
04-11-2004,0.5,0.5,2100,0.5,0.5,0.23025313019752502
05-11-2004,0.47999998927116394,0.47999998927116394,3500,0.47999998927116394,0.47999998927116394,0.22104303538799286
08-11-2004,0.5,0.5,5000,0.5,0.5,0.23025313019752502
09-11-2004,0.47999998927116394,0.47999998927116394,3500,0.47999998927116394,0.47999998927116394,0.22104303538799286
10-11-2004,0.5,0.5,62700,0.550000011920929,0.5,0.23025313019752502
11-11-2004,0.5,0.5,1000,0.5,0.5,0.23025313019752502
12-11-2004,0.5,0.5,6000,0.5,0.5,0.23025313019752502
15-11-2004,0.5,0.5,0,0.5,0.5,0.23025313019752502
16-11-2004,0.5,0.5400000214576721,31000,0.5400000214576721,0.5199999809265137,0.2394632250070572
17-11-2004,0.4699999988079071,0.4699999988079071,100,0.4699999988079071,0.4699999988079071,0.2164379209280014
18-11-2004,0.4699999988079071,0.4699999988079071,0,0.4699999988079071,0.4699999988079071,0.2164379209280014
19-11-2004,0.4699999988079071,0.4699999988079071,0,0.4699999988079071,0.4699999988079071,0.2164379209280014
22-11-2004,0.5,0.5099999904632568,12500,0.5099999904632568,0.5099999904632568,0.23485815525054932
23-11-2004,0.5099999904632568,0.5099999904632568,0,0.5099999904632568,0.5099999904632568,0.23485815525054932
24-11-2004,0.5099999904632568,0.5099999904632568,0,0.5099999904632568,0.5099999904632568,0.23485815525054932
26-11-2004,0.5099999904632568,0.5099999904632568,0,0.5099999904632568,0.5099999904632568,0.23485815525054932
29-11-2004,0.5099999904632568,0.5099999904632568,0,0.5099999904632568,0.5099999904632568,0.23485815525054932
30-11-2004,0.5099999904632568,0.5099999904632568,0,0.5099999904632568,0.5099999904632568,0.23485815525054932
01-12-2004,0.47999998927116394,0.47999998927116394,3500,0.47999998927116394,0.47999998927116394,0.22104303538799286
02-12-2004,0.47999998927116394,0.47999998927116394,1600,0.47999998927116394,0.47999998927116394,0.22104303538799286
03-12-2004,0.47999998927116394,0.47999998927116394,11000,0.5600000023841858,0.47999998927116394,0.22104303538799286
06-12-2004,0.47999998927116394,0.47999998927116394,400,0.47999998927116394,0.47999998927116394,0.22104303538799286
07-12-2004,0.4699999988079071,0.47999998927116394,37800,0.5,0.4699999988079071,0.2164379209280014
08-12-2004,0.4699999988079071,0.4699999988079071,5000,0.4699999988079071,0.4699999988079071,0.2164379209280014
09-12-2004,0.4699999988079071,0.4699999988079071,1000,0.4699999988079071,0.4699999988079071,0.2164379209280014
10-12-2004,0.4699999988079071,0.5,5500,0.5,0.4699999988079071,0.2164379209280014
13-12-2004,0.4699999988079071,0.4699999988079071,294500,0.5099999904632568,0.5099999904632568,0.23485815525054932
14-12-2004,0.4699999988079071,0.47999998927116394,2300,0.47999998927116394,0.4699999988079071,0.2164379209280014
15-12-2004,0.4300000071525574,0.44999998807907104,27600,0.47999998927116394,0.4300000071525574,0.1980176866054535
16-12-2004,0.4300000071525574,0.4300000071525574,87900,0.550000011920929,0.550000011920929,0.2532784044742584
17-12-2004,0.5199999809265137,0.5199999809265137,31100,0.5400000214576721,0.5299999713897705,0.24406830966472626
20-12-2004,0.4300000071525574,0.5,11200,0.5,0.4300000071525574,0.1980176866054535
21-12-2004,0.4300000071525574,0.4300000071525574,29500,0.4699999988079071,0.4699999988079071,0.2164379209280014
22-12-2004,0.4300000071525574,0.4300000071525574,1500,0.4300000071525574,0.4300000071525574,0.1980176866054535
23-12-2004,0.4300000071525574,0.4300000071525574,4100,0.4699999988079071,0.4699999988079071,0.2164379209280014
27-12-2004,0.4300000071525574,0.4300000071525574,500,0.4300000071525574,0.4300000071525574,0.1980176866054535
28-12-2004,0.4300000071525574,0.4300000071525574,23700,0.4699999988079071,0.4300000071525574,0.1980176866054535
29-12-2004,0.4300000071525574,0.4300000071525574,40000,0.6000000238418579,0.6000000238418579,0.2763036787509918
30-12-2004,0.550000011920929,0.5799999833106995,15600,0.6000000238418579,0.550000011920929,0.2532784044742584
31-12-2004,0.49000000953674316,0.550000011920929,80600,0.6000000238418579,0.550000011920929,0.2532784044742584
03-01-2005,0.550000011920929,0.6000000238418579,28600,0.6000000238418579,0.5600000023841858,0.2578835189342499
04-01-2005,0.550000011920929,0.5699999928474426,109200,0.75,0.6700000166893005,0.30853918194770813
05-01-2005,0.5799999833106995,0.5799999833106995,1400,0.5799999833106995,0.5799999833106995,0.2670935094356537
06-01-2005,0.5799999833106995,0.5799999833106995,300,0.5799999833106995,0.5799999833106995,0.2670935094356537
07-01-2005,0.6000000238418579,0.6100000143051147,6000,0.6100000143051147,0.6000000238418579,0.2763036787509918
10-01-2005,0.6000000238418579,0.6000000238418579,7600,0.6299999952316284,0.6200000047683716,0.28551384806632996
11-01-2005,0.6200000047683716,0.6200000047683716,17800,0.6200000047683716,0.6200000047683716,0.28551384806632996
12-01-2005,0.6200000047683716,0.6200000047683716,10000,0.6200000047683716,0.6200000047683716,0.28551384806632996
13-01-2005,0.5899999737739563,0.5899999737739563,2000,0.6899999976158142,0.5899999737739563,0.271698534488678
14-01-2005,0.5899999737739563,0.5899999737739563,6200,0.5899999737739563,0.5899999737739563,0.271698534488678
18-01-2005,0.5899999737739563,0.6000000238418579,18400,0.6200000047683716,0.6200000047683716,0.28551384806632996
19-01-2005,0.5899999737739563,0.6200000047683716,28400,0.6499999761581421,0.6100000143051147,0.28090882301330566
20-01-2005,0.5899999737739563,0.5899999737739563,700,0.5899999737739563,0.5899999737739563,0.271698534488678
21-01-2005,0.5899999737739563,0.6100000143051147,5400,0.6100000143051147,0.5899999737739563,0.271698534488678
24-01-2005,0.5899999737739563,0.5899999737739563,0,0.5899999737739563,0.5899999737739563,0.271698534488678
25-01-2005,0.5899999737739563,0.6100000143051147,32700,0.6100000143051147,0.5899999737739563,0.271698534488678
26-01-2005,0.5699999928474426,0.5799999833106995,22500,0.5899999737739563,0.5799999833106995,0.2670935094356537
27-01-2005,0.5699999928474426,0.5699999928474426,7700,0.5799999833106995,0.5799999833106995,0.2670935094356537
28-01-2005,0.5699999928474426,0.5699999928474426,2300,0.5699999928474426,0.5699999928474426,0.2624885141849518
31-01-2005,0.5699999928474426,0.5699999928474426,500,0.5699999928474426,0.5699999928474426,0.2624885141849518
01-02-2005,0.5699999928474426,0.5699999928474426,4000,0.5699999928474426,0.5699999928474426,0.2624885141849518
02-02-2005,0.5699999928474426,0.5699999928474426,300,0.5699999928474426,0.5699999928474426,0.2624885141849518
03-02-2005,0.5699999928474426,0.5699999928474426,1000,0.5699999928474426,0.5699999928474426,0.2624885141849518
04-02-2005,0.5699999928474426,0.5699999928474426,0,0.5699999928474426,0.5699999928474426,0.2624885141849518
07-02-2005,0.5600000023841858,0.5699999928474426,10000,0.5799999833106995,0.5600000023841858,0.2578835189342499
08-02-2005,0.5600000023841858,0.5600000023841858,400,0.5600000023841858,0.5600000023841858,0.2578835189342499
09-02-2005,0.5899999737739563,0.5899999737739563,69700,0.6600000262260437,0.6299999952316284,0.290118932723999
10-02-2005,0.6299999952316284,0.6299999952316284,21000,0.6499999761581421,0.6299999952316284,0.290118932723999
11-02-2005,0.6000000238418579,0.6000000238418579,15000,0.6000000238418579,0.6000000238418579,0.2763036787509918
14-02-2005,0.5799999833106995,0.6000000238418579,8300,0.6000000238418579,0.5799999833106995,0.2670935094356537
15-02-2005,0.6000000238418579,0.6200000047683716,28600,0.6499999761581421,0.6000000238418579,0.2763036787509918
16-02-2005,0.6000000238418579,0.6000000238418579,600,0.6000000238418579,0.6000000238418579,0.2763036787509918
17-02-2005,0.6000000238418579,0.6000000238418579,0,0.6000000238418579,0.6000000238418579,0.2763036787509918
18-02-2005,0.5799999833106995,0.5799999833106995,5000,0.5799999833106995,0.5799999833106995,0.2670935094356537
22-02-2005,0.5799999833106995,0.5799999833106995,31000,0.6299999952316284,0.6299999952316284,0.290118932723999
23-02-2005,0.6299999952316284,0.6299999952316284,82100,0.6499999761581421,0.6499999761581421,0.29932910203933716
24-02-2005,0.6299999952316284,0.6600000262260437,58600,0.6600000262260437,0.6299999952316284,0.290118932723999
25-02-2005,0.6499999761581421,0.6499999761581421,100,0.6499999761581421,0.6499999761581421,0.29932910203933716
28-02-2005,0.6299999952316284,0.6399999856948853,26500,0.6399999856948853,0.6299999952316284,0.290118932723999
01-03-2005,0.6899999976158142,0.6899999976158142,300,0.6899999976158142,0.6899999976158142,0.3177492618560791
02-03-2005,0.6899999976158142,0.6899999976158142,0,0.6899999976158142,0.6899999976158142,0.3177492618560791
03-03-2005,0.6499999761581421,0.6499999761581421,4500,0.6499999761581421,0.6499999761581421,0.29932910203933716
04-03-2005,0.6800000071525574,0.6899999976158142,2000,0.6899999976158142,0.6800000071525574,0.3131442666053772
07-03-2005,0.6899999976158142,0.6899999976158142,3300,0.6899999976158142,0.6899999976158142,0.3177492618560791
08-03-2005,0.6000000238418579,0.6299999952316284,50900,0.6299999952316284,0.6100000143051147,0.28090882301330566
09-03-2005,0.5799999833106995,0.6100000143051147,78800,0.6100000143051147,0.5799999833106995,0.2670935094356537
10-03-2005,0.5799999833106995,0.5799999833106995,9300,0.6000000238418579,0.5799999833106995,0.2670935094356537
11-03-2005,0.5799999833106995,0.5799999833106995,10300,0.5799999833106995,0.5799999833106995,0.2670935094356537
14-03-2005,0.5799999833106995,0.5799999833106995,0,0.5799999833106995,0.5799999833106995,0.2670935094356537
15-03-2005,0.5799999833106995,0.5799999833106995,0,0.5799999833106995,0.5799999833106995,0.2670935094356537
16-03-2005,0.5600000023841858,0.5600000023841858,2000,0.5600000023841858,0.5600000023841858,0.2578835189342499
17-03-2005,0.5600000023841858,0.5600000023841858,0,0.5600000023841858,0.5600000023841858,0.2578835189342499
18-03-2005,0.5600000023841858,0.5600000023841858,11600,0.6000000238418579,0.5600000023841858,0.2578835189342499
21-03-2005,0.5600000023841858,0.5600000023841858,0,0.5600000023841858,0.5600000023841858,0.2578835189342499
22-03-2005,0.5600000023841858,0.5600000023841858,11000,0.6000000238418579,0.5600000023841858,0.2578835189342499
23-03-2005,0.5600000023841858,0.5600000023841858,0,0.5600000023841858,0.5600000023841858,0.2578835189342499
24-03-2005,0.5600000023841858,0.5600000023841858,0,0.5600000023841858,0.5600000023841858,0.2578835189342499
28-03-2005,0.5299999713897705,0.5299999713897705,13400,0.5299999713897705,0.5299999713897705,0.24406830966472626
29-03-2005,0.4399999976158142,0.5199999809265137,68000,0.5299999713897705,0.49000000953674316,0.22564804553985596
30-03-2005,0.49000000953674316,0.49000000953674316,1400,0.5199999809265137,0.5199999809265137,0.2394632250070572
31-03-2005,0.5199999809265137,0.5199999809265137,0,0.5199999809265137,0.5199999809265137,0.2394632250070572
01-04-2005,0.49000000953674316,0.5199999809265137,2000,0.5199999809265137,0.49000000953674316,0.22564804553985596
04-04-2005,0.4699999988079071,0.5,20200,0.5199999809265137,0.5199999809265137,0.2394632250070572
05-04-2005,0.4699999988079071,0.4699999988079071,1200,0.4699999988079071,0.4699999988079071,0.2164379209280014
06-04-2005,0.4699999988079071,0.4699999988079071,4800,0.5299999713897705,0.5299999713897705,0.24406830966472626
07-04-2005,0.5299999713897705,0.5299999713897705,200,0.5299999713897705,0.5299999713897705,0.24406830966472626
08-04-2005,0.47999998927116394,0.47999998927116394,500,0.47999998927116394,0.47999998927116394,0.22104303538799286
11-04-2005,0.47999998927116394,0.47999998927116394,200,0.47999998927116394,0.47999998927116394,0.22104303538799286
12-04-2005,0.47999998927116394,0.47999998927116394,0,0.47999998927116394,0.47999998927116394,0.22104303538799286
13-04-2005,0.47999998927116394,0.47999998927116394,500,0.47999998927116394,0.47999998927116394,0.22104303538799286
14-04-2005,0.47999998927116394,0.47999998927116394,0,0.47999998927116394,0.47999998927116394,0.22104303538799286
15-04-2005,0.47999998927116394,0.47999998927116394,0,0.47999998927116394,0.47999998927116394,0.22104303538799286
18-04-2005,0.44999998807907104,0.5099999904632568,20200,0.5099999904632568,0.44999998807907104,0.20722775161266327
19-04-2005,0.44999998807907104,0.44999998807907104,12900,0.5199999809265137,0.5199999809265137,0.2394632250070572
20-04-2005,0.44999998807907104,0.44999998807907104,3700,0.5199999809265137,0.5199999809265137,0.2394632250070572
21-04-2005,0.5400000214576721,0.550000011920929,4500,0.550000011920929,0.5400000214576721,0.24867336452007294
22-04-2005,0.5400000214576721,0.5400000214576721,0,0.5400000214576721,0.5400000214576721,0.24867336452007294
25-04-2005,0.5400000214576721,0.5400000214576721,15000,0.5400000214576721,0.5400000214576721,0.24867336452007294
26-04-2005,0.5400000214576721,0.5400000214576721,8300,0.5400000214576721,0.5400000214576721,0.24867336452007294
27-04-2005,0.5400000214576721,0.5400000214576721,0,0.5400000214576721,0.5400000214576721,0.24867336452007294
28-04-2005,0.5400000214576721,0.5400000214576721,0,0.5400000214576721,0.5400000214576721,0.24867336452007294
29-04-2005,0.5400000214576721,0.5400000214576721,0,0.5400000214576721,0.5400000214576721,0.24867336452007294
02-05-2005,0.5400000214576721,0.5400000214576721,0,0.5400000214576721,0.5400000214576721,0.24867336452007294
03-05-2005,0.5400000214576721,0.5400000214576721,0,0.5400000214576721,0.5400000214576721,0.24867336452007294
04-05-2005,0.5400000214576721,0.5400000214576721,104200,0.6000000238418579,0.6000000238418579,0.2763036787509918
05-05-2005,0.5799999833106995,0.5799999833106995,5800,0.5799999833106995,0.5799999833106995,0.2670935094356537
06-05-2005,0.5699999928474426,0.5699999928474426,33700,0.6000000238418579,0.6000000238418579,0.2763036787509918
09-05-2005,0.5699999928474426,0.5699999928474426,200,0.5699999928474426,0.5699999928474426,0.2624885141849518
10-05-2005,0.5699999928474426,0.5699999928474426,1900,0.5699999928474426,0.5699999928474426,0.2624885141849518
11-05-2005,0.5699999928474426,0.5699999928474426,0,0.5699999928474426,0.5699999928474426,0.2624885141849518
12-05-2005,0.5699999928474426,0.5699999928474426,0,0.5699999928474426,0.5699999928474426,0.2624885141849518
13-05-2005,0.5699999928474426,0.5699999928474426,20900,0.5699999928474426,0.5699999928474426,0.2624885141849518
16-05-2005,0.5699999928474426,0.5699999928474426,10100,0.5799999833106995,0.5799999833106995,0.2670935094356537
17-05-2005,0.5799999833106995,0.5799999833106995,0,0.5799999833106995,0.5799999833106995,0.2670935094356537
18-05-2005,0.5600000023841858,0.5600000023841858,1100,0.5600000023841858,0.5600000023841858,0.2578835189342499
19-05-2005,0.5600000023841858,0.5600000023841858,500,0.5600000023841858,0.5600000023841858,0.2578835189342499
20-05-2005,0.5699999928474426,0.5699999928474426,300,0.5699999928474426,0.5699999928474426,0.2624885141849518
23-05-2005,0.5699999928474426,0.5699999928474426,0,0.5699999928474426,0.5699999928474426,0.2624885141849518
24-05-2005,0.5600000023841858,0.5600000023841858,2800,0.5600000023841858,0.5600000023841858,0.2578835189342499
25-05-2005,0.44999998807907104,0.5600000023841858,24800,0.5600000023841858,0.5099999904632568,0.23485815525054932
26-05-2005,0.44999998807907104,0.5099999904632568,1700,0.5099999904632568,0.44999998807907104,0.20722775161266327
27-05-2005,0.5099999904632568,0.5099999904632568,1000,0.5099999904632568,0.5099999904632568,0.23485815525054932
31-05-2005,0.5099999904632568,0.5099999904632568,0,0.5099999904632568,0.5099999904632568,0.23485815525054932
01-06-2005,0.4300000071525574,0.46000000834465027,52000,0.5099999904632568,0.4300000071525574,0.1980176866054535
02-06-2005,0.4399999976158142,0.4399999976158142,5000,0.4399999976158142,0.4399999976158142,0.2026226967573166
03-06-2005,0.4399999976158142,0.47999998927116394,26900,0.47999998927116394,0.47999998927116394,0.22104303538799286
06-06-2005,0.5099999904632568,0.5099999904632568,2500,0.5099999904632568,0.5099999904632568,0.23485815525054932
07-06-2005,0.5299999713897705,0.5299999713897705,1000,0.5299999713897705,0.5299999713897705,0.24406830966472626
08-06-2005,0.4399999976158142,0.4399999976158142,19000,0.49000000953674316,0.49000000953674316,0.22564804553985596
09-06-2005,0.4399999976158142,0.4399999976158142,900,0.4399999976158142,0.4399999976158142,0.2026226967573166
10-06-2005,0.4399999976158142,0.4399999976158142,900,0.4399999976158142,0.4399999976158142,0.2026226967573166
13-06-2005,0.4399999976158142,0.4399999976158142,4800,0.4399999976158142,0.4399999976158142,0.2026226967573166
14-06-2005,0.49000000953674316,0.49000000953674316,9400,0.5299999713897705,0.5299999713897705,0.24406830966472626
15-06-2005,0.5,0.5,2200,0.5199999809265137,0.5199999809265137,0.2394632250070572
16-06-2005,0.4399999976158142,0.4399999976158142,16900,0.5400000214576721,0.5400000214576721,0.24867336452007294
17-06-2005,0.5400000214576721,0.5400000214576721,0,0.5400000214576721,0.5400000214576721,0.24867336452007294
20-06-2005,0.5400000214576721,0.5400000214576721,0,0.5400000214576721,0.5400000214576721,0.24867336452007294
21-06-2005,0.5400000214576721,0.5400000214576721,12500,0.5400000214576721,0.5400000214576721,0.24867336452007294
22-06-2005,0.44999998807907104,0.44999998807907104,4500,0.44999998807907104,0.44999998807907104,0.20722775161266327
23-06-2005,0.44999998807907104,0.44999998807907104,0,0.44999998807907104,0.44999998807907104,0.20722775161266327
24-06-2005,0.4399999976158142,0.4399999976158142,7100,0.5400000214576721,0.5400000214576721,0.24867336452007294
27-06-2005,0.5400000214576721,0.5400000214576721,0,0.5400000214576721,0.5400000214576721,0.24867336452007294
28-06-2005,0.4399999976158142,0.44999998807907104,3000,0.44999998807907104,0.4399999976158142,0.2026226967573166
29-06-2005,0.44999998807907104,0.49000000953674316,5800,0.49000000953674316,0.44999998807907104,0.20722775161266327
30-06-2005,0.46000000834465027,0.46000000834465027,2500,0.46000000834465027,0.46000000834465027,0.21183282136917114
01-07-2005,0.46000000834465027,0.46000000834465027,1000,0.46000000834465027,0.46000000834465027,0.21183282136917114
05-07-2005,0.46000000834465027,0.46000000834465027,1300,0.46000000834465027,0.46000000834465027,0.21183282136917114
06-07-2005,0.46000000834465027,0.46000000834465027,0,0.46000000834465027,0.46000000834465027,0.21183282136917114
07-07-2005,0.46000000834465027,0.46000000834465027,0,0.46000000834465027,0.46000000834465027,0.21183282136917114
08-07-2005,0.46000000834465027,0.5,27400,0.5,0.46000000834465027,0.21183282136917114
11-07-2005,0.46000000834465027,0.46000000834465027,0,0.46000000834465027,0.46000000834465027,0.21183282136917114
12-07-2005,0.44999998807907104,0.44999998807907104,300,0.44999998807907104,0.44999998807907104,0.20722775161266327
13-07-2005,0.44999998807907104,0.44999998807907104,400,0.44999998807907104,0.44999998807907104,0.20722775161266327
14-07-2005,0.44999998807907104,0.44999998807907104,0,0.44999998807907104,0.44999998807907104,0.20722775161266327
15-07-2005,0.44999998807907104,0.44999998807907104,0,0.44999998807907104,0.44999998807907104,0.20722775161266327
18-07-2005,0.44999998807907104,0.44999998807907104,2000,0.44999998807907104,0.44999998807907104,0.20722775161266327
19-07-2005,0.44999998807907104,0.44999998807907104,0,0.44999998807907104,0.44999998807907104,0.20722775161266327
20-07-2005,0.44999998807907104,0.44999998807907104,0,0.44999998807907104,0.44999998807907104,0.20722775161266327
21-07-2005,0.44999998807907104,0.44999998807907104,0,0.44999998807907104,0.44999998807907104,0.20722775161266327
22-07-2005,0.44999998807907104,0.44999998807907104,0,0.44999998807907104,0.44999998807907104,0.20722775161266327
25-07-2005,0.44999998807907104,0.44999998807907104,0,0.44999998807907104,0.44999998807907104,0.20722775161266327
26-07-2005,0.46000000834465027,0.46000000834465027,1200,0.46000000834465027,0.46000000834465027,0.21183282136917114
27-07-2005,0.46000000834465027,0.46000000834465027,0,0.46000000834465027,0.46000000834465027,0.21183282136917114
28-07-2005,0.5099999904632568,0.5099999904632568,4500,0.5099999904632568,0.5099999904632568,0.23485815525054932
29-07-2005,0.4699999988079071,0.4699999988079071,3500,0.5099999904632568,0.5099999904632568,0.23485815525054932
01-08-2005,0.5099999904632568,0.5099999904632568,0,0.5099999904632568,0.5099999904632568,0.23485815525054932
02-08-2005,0.5099999904632568,0.5099999904632568,31600,0.5799999833106995,0.5699999928474426,0.2624885141849518
03-08-2005,0.5400000214576721,0.5400000214576721,17900,0.5899999737739563,0.5799999833106995,0.2670935094356537
04-08-2005,0.5799999833106995,0.5799999833106995,28000,0.6299999952316284,0.6000000238418579,0.2763036787509918
05-08-2005,0.6000000238418579,0.6000000238418579,14000,0.6000000238418579,0.6000000238418579,0.2763036787509918
08-08-2005,0.6000000238418579,0.6000000238418579,0,0.6000000238418579,0.6000000238418579,0.2763036787509918
09-08-2005,0.5600000023841858,0.5600000023841858,9300,0.6899999976158142,0.6899999976158142,0.3177492618560791
10-08-2005,0.5600000023841858,0.5600000023841858,600,0.6600000262260437,0.6600000262260437,0.30393412709236145
11-08-2005,0.5600000023841858,0.5600000023841858,9300,0.6299999952316284,0.6299999952316284,0.290118932723999
12-08-2005,0.6200000047683716,0.6299999952316284,19800,0.6499999761581421,0.6299999952316284,0.290118932723999
15-08-2005,0.6200000047683716,0.6200000047683716,4000,0.6200000047683716,0.6200000047683716,0.28551384806632996
16-08-2005,0.5400000214576721,0.550000011920929,29800,0.6000000238418579,0.5400000214576721,0.24867336452007294
17-08-2005,0.5400000214576721,0.5400000214576721,0,0.5400000214576721,0.5400000214576721,0.24867336452007294
18-08-2005,0.5400000214576721,0.5400000214576721,8500,0.5400000214576721,0.5400000214576721,0.24867336452007294
19-08-2005,0.550000011920929,0.550000011920929,19500,0.6000000238418579,0.6000000238418579,0.2763036787509918
22-08-2005,0.5699999928474426,0.5699999928474426,9200,0.6000000238418579,0.6000000238418579,0.2763036787509918
23-08-2005,0.5699999928474426,0.5699999928474426,20600,0.6000000238418579,0.5699999928474426,0.2624885141849518
24-08-2005,0.5699999928474426,0.5699999928474426,2500,0.5699999928474426,0.5699999928474426,0.2624885141849518
25-08-2005,0.5699999928474426,0.5699999928474426,0,0.5699999928474426,0.5699999928474426,0.2624885141849518
26-08-2005,0.5299999713897705,0.5299999713897705,400,0.5299999713897705,0.5299999713897705,0.24406830966472626
29-08-2005,0.5299999713897705,0.6000000238418579,1200,0.6000000238418579,0.5299999713897705,0.24406830966472626
30-08-2005,0.5299999713897705,0.5299999713897705,0,0.5299999713897705,0.5299999713897705,0.24406830966472626
31-08-2005,0.5299999713897705,0.5299999713897705,0,0.5299999713897705,0.5299999713897705,0.24406830966472626
01-09-2005,0.5299999713897705,0.5299999713897705,0,0.5299999713897705,0.5299999713897705,0.24406830966472626
02-09-2005,0.5299999713897705,0.5299999713897705,800,0.5299999713897705,0.5299999713897705,0.24406830966472626
06-09-2005,0.5299999713897705,0.5299999713897705,1400,0.5400000214576721,0.5299999713897705,0.24406830966472626
07-09-2005,0.5299999713897705,0.5299999713897705,16600,0.550000011920929,0.550000011920929,0.2532784044742584
08-09-2005,0.5199999809265137,0.5199999809265137,4100,0.5199999809265137,0.5199999809265137,0.2394632250070572
09-09-2005,0.550000011920929,0.550000011920929,500,0.550000011920929,0.550000011920929,0.2532784044742584
12-09-2005,0.550000011920929,0.550000011920929,6500,0.550000011920929,0.550000011920929,0.2532784044742584
13-09-2005,0.550000011920929,0.550000011920929,0,0.550000011920929,0.550000011920929,0.2532784044742584
14-09-2005,0.5199999809265137,0.5199999809265137,1500,0.5199999809265137,0.5199999809265137,0.2394632250070572
15-09-2005,0.550000011920929,0.550000011920929,2100,0.550000011920929,0.550000011920929,0.2532784044742584
16-09-2005,0.550000011920929,0.550000011920929,0,0.550000011920929,0.550000011920929,0.2532784044742584
19-09-2005,0.5199999809265137,0.5299999713897705,33500,0.550000011920929,0.550000011920929,0.2532784044742584
20-09-2005,0.5199999809265137,0.5400000214576721,2300,0.5400000214576721,0.5199999809265137,0.2394632250070572
21-09-2005,0.5400000214576721,0.5400000214576721,11600,0.5400000214576721,0.5400000214576721,0.24867336452007294
22-09-2005,0.5199999809265137,0.5199999809265137,2500,0.5199999809265137,0.5199999809265137,0.2394632250070572
23-09-2005,0.5199999809265137,0.5199999809265137,0,0.5199999809265137,0.5199999809265137,0.2394632250070572
26-09-2005,0.5199999809265137,0.5199999809265137,0,0.5199999809265137,0.5199999809265137,0.2394632250070572
27-09-2005,0.5199999809265137,0.5199999809265137,1500,0.5199999809265137,0.5199999809265137,0.2394632250070572
28-09-2005,0.5099999904632568,0.5199999809265137,84500,0.5199999809265137,0.5099999904632568,0.23485815525054932
29-09-2005,0.5099999904632568,0.5099999904632568,0,0.5099999904632568,0.5099999904632568,0.23485815525054932
30-09-2005,0.5099999904632568,0.5099999904632568,0,0.5099999904632568,0.5099999904632568,0.23485815525054932
03-10-2005,0.4699999988079071,0.4699999988079071,2500,0.4699999988079071,0.4699999988079071,0.2164379209280014
04-10-2005,0.4699999988079071,0.4699999988079071,0,0.4699999988079071,0.4699999988079071,0.2164379209280014
05-10-2005,0.4699999988079071,0.4699999988079071,0,0.4699999988079071,0.4699999988079071,0.2164379209280014
06-10-2005,0.4699999988079071,0.4699999988079071,0,0.4699999988079071,0.4699999988079071,0.2164379209280014
07-10-2005,0.4699999988079071,0.4699999988079071,0,0.4699999988079071,0.4699999988079071,0.2164379209280014
10-10-2005,0.4699999988079071,0.4699999988079071,0,0.4699999988079071,0.4699999988079071,0.2164379209280014
11-10-2005,0.4699999988079071,0.4699999988079071,0,0.4699999988079071,0.4699999988079071,0.2164379209280014
12-10-2005,0.550000011920929,0.550000011920929,400,0.550000011920929,0.550000011920929,0.2532784044742584
13-10-2005,0.5,0.5,30500,0.5099999904632568,0.5,0.23025313019752502
14-10-2005,0.4699999988079071,0.4699999988079071,200,0.4699999988079071,0.4699999988079071,0.2164379209280014
17-10-2005,0.5,0.5,13700,0.5099999904632568,0.5099999904632568,0.23485815525054932
18-10-2005,0.5,0.5,14600,0.5199999809265137,0.5,0.23025313019752502
19-10-2005,0.550000011920929,0.550000011920929,18500,0.550000011920929,0.550000011920929,0.2532784044742584
20-10-2005,0.5099999904632568,0.5099999904632568,6000,0.5099999904632568,0.5099999904632568,0.23485815525054932
21-10-2005,0.5099999904632568,0.5099999904632568,7800,0.5099999904632568,0.5099999904632568,0.23485815525054932
24-10-2005,0.5099999904632568,0.5099999904632568,0,0.5099999904632568,0.5099999904632568,0.23485815525054932
25-10-2005,0.550000011920929,0.550000011920929,23300,0.550000011920929,0.550000011920929,0.2532784044742584
26-10-2005,0.5099999904632568,0.5199999809265137,14000,0.5199999809265137,0.5099999904632568,0.23485815525054932
27-10-2005,0.550000011920929,0.550000011920929,2000,0.550000011920929,0.550000011920929,0.2532784044742584
28-10-2005,0.4699999988079071,0.5099999904632568,13700,0.5099999904632568,0.4699999988079071,0.2164379209280014
31-10-2005,0.4699999988079071,0.4699999988079071,100,0.4699999988079071,0.4699999988079071,0.2164379209280014
01-11-2005,0.4699999988079071,0.4699999988079071,7500,0.4699999988079071,0.4699999988079071,0.2164379209280014
02-11-2005,0.4699999988079071,0.4699999988079071,0,0.4699999988079071,0.4699999988079071,0.2164379209280014
03-11-2005,0.4699999988079071,0.47999998927116394,300,0.47999998927116394,0.4699999988079071,0.2164379209280014
04-11-2005,0.4399999976158142,0.4699999988079071,11700,0.5,0.4399999976158142,0.2026226967573166
07-11-2005,0.4699999988079071,0.4699999988079071,16100,0.5199999809265137,0.5199999809265137,0.2394632250070572
08-11-2005,0.5,0.5,20500,0.550000011920929,0.550000011920929,0.2532784044742584
09-11-2005,0.5099999904632568,0.5099999904632568,200,0.5099999904632568,0.5099999904632568,0.23485815525054932
10-11-2005,0.5099999904632568,0.5099999904632568,100,0.5099999904632568,0.5099999904632568,0.23485815525054932
11-11-2005,0.550000011920929,0.550000011920929,32100,0.6000000238418579,0.5799999833106995,0.2670935094356537
14-11-2005,0.5799999833106995,0.5799999833106995,0,0.5799999833106995,0.5799999833106995,0.2670935094356537
15-11-2005,0.6000000238418579,0.6100000143051147,85600,0.6800000071525574,0.6200000047683716,0.28551384806632996
16-11-2005,0.6100000143051147,0.6200000047683716,11500,0.6200000047683716,0.6100000143051147,0.28090882301330566
17-11-2005,0.6200000047683716,0.6200000047683716,60700,0.6700000166893005,0.6700000166893005,0.30853918194770813
18-11-2005,0.6700000166893005,0.6700000166893005,0,0.6700000166893005,0.6700000166893005,0.30853918194770813
21-11-2005,0.6499999761581421,0.6899999976158142,2000,0.6899999976158142,0.6499999761581421,0.29932910203933716
22-11-2005,0.6499999761581421,0.6499999761581421,26600,0.699999988079071,0.6800000071525574,0.3131442666053772
23-11-2005,0.6800000071525574,0.6800000071525574,500,0.6800000071525574,0.6800000071525574,0.3131442666053772
25-11-2005,0.6800000071525574,0.6800000071525574,0,0.6800000071525574,0.6800000071525574,0.3131442666053772
28-11-2005,0.6499999761581421,0.6499999761581421,5000,0.6499999761581421,0.6499999761581421,0.29932910203933716
29-11-2005,0.6200000047683716,0.6299999952316284,7100,0.6299999952316284,0.6200000047683716,0.28551384806632996
30-11-2005,0.6100000143051147,0.6100000143051147,9000,0.6499999761581421,0.6100000143051147,0.28090882301330566
01-12-2005,0.6100000143051147,0.6100000143051147,0,0.6100000143051147,0.6100000143051147,0.28090882301330566
02-12-2005,0.6100000143051147,0.6100000143051147,700,0.6100000143051147,0.6100000143051147,0.28090882301330566
05-12-2005,0.6100000143051147,0.6100000143051147,0,0.6100000143051147,0.6100000143051147,0.28090882301330566
06-12-2005,0.6100000143051147,0.6100000143051147,15000,0.6499999761581421,0.6499999761581421,0.29932910203933716
07-12-2005,0.6499999761581421,0.6499999761581421,0,0.6499999761581421,0.6499999761581421,0.29932910203933716
08-12-2005,0.6499999761581421,0.6499999761581421,0,0.6499999761581421,0.6499999761581421,0.29932910203933716
09-12-2005,0.6499999761581421,0.6499999761581421,0,0.6499999761581421,0.6499999761581421,0.29932910203933716
12-12-2005,0.5699999928474426,0.5699999928474426,17700,0.6200000047683716,0.5699999928474426,0.2624885141849518
13-12-2005,0.5699999928474426,0.5699999928474426,5000,0.5699999928474426,0.5699999928474426,0.2624885141849518
14-12-2005,0.5699999928474426,0.5699999928474426,500,0.5699999928474426,0.5699999928474426,0.2624885141849518
15-12-2005,0.5699999928474426,0.5699999928474426,7500,0.5699999928474426,0.5699999928474426,0.2624885141849518
16-12-2005,0.5699999928474426,0.5699999928474426,1300,0.5699999928474426,0.5699999928474426,0.2624885141849518
19-12-2005,0.5400000214576721,0.5400000214576721,4000,0.5699999928474426,0.5699999928474426,0.2624885141849518
20-12-2005,0.5699999928474426,0.5699999928474426,2500,0.5699999928474426,0.5699999928474426,0.2624885141849518
21-12-2005,0.5600000023841858,0.5600000023841858,3000,0.5600000023841858,0.5600000023841858,0.2578835189342499
22-12-2005,0.5600000023841858,0.5600000023841858,0,0.5600000023841858,0.5600000023841858,0.2578835189342499
23-12-2005,0.5600000023841858,0.5600000023841858,1100,0.5600000023841858,0.5600000023841858,0.2578835189342499
27-12-2005,0.5600000023841858,0.5600000023841858,17700,0.5600000023841858,0.5600000023841858,0.2578835189342499
28-12-2005,0.5400000214576721,0.5600000023841858,22500,0.5600000023841858,0.5400000214576721,0.24867336452007294
29-12-2005,0.550000011920929,0.550000011920929,213400,0.7300000190734863,0.699999988079071,0.32235434651374817
30-12-2005,0.6100000143051147,0.699999988079071,49800,0.699999988079071,0.699999988079071,0.32235434651374817
03-01-2006,0.699999988079071,0.699999988079071,300,0.699999988079071,0.699999988079071,0.32235434651374817
04-01-2006,0.699999988079071,0.699999988079071,0,0.699999988079071,0.699999988079071,0.32235434651374817
05-01-2006,0.699999988079071,0.699999988079071,0,0.699999988079071,0.699999988079071,0.32235434651374817
06-01-2006,0.6100000143051147,0.6100000143051147,500,0.6100000143051147,0.6100000143051147,0.28090882301330566
09-01-2006,0.6100000143051147,0.6100000143051147,0,0.6100000143051147,0.6100000143051147,0.28090882301330566
10-01-2006,0.6100000143051147,0.6100000143051147,3000,0.6899999976158142,0.6899999976158142,0.3177492618560791
11-01-2006,0.6000000238418579,0.6000000238418579,1400,0.6000000238418579,0.6000000238418579,0.2763036787509918
12-01-2006,0.6899999976158142,0.6899999976158142,900,0.6899999976158142,0.6899999976158142,0.3177492618560791
13-01-2006,0.6899999976158142,0.6899999976158142,0,0.6899999976158142,0.6899999976158142,0.3177492618560791
17-01-2006,0.6899999976158142,0.6899999976158142,0,0.6899999976158142,0.6899999976158142,0.3177492618560791
18-01-2006,0.6899999976158142,0.6899999976158142,0,0.6899999976158142,0.6899999976158142,0.3177492618560791
19-01-2006,0.6899999976158142,0.6899999976158142,0,0.6899999976158142,0.6899999976158142,0.3177492618560791
20-01-2006,0.6899999976158142,0.6899999976158142,0,0.6899999976158142,0.6899999976158142,0.3177492618560791
23-01-2006,0.6200000047683716,0.6200000047683716,800,0.6200000047683716,0.6200000047683716,0.28551384806632996
24-01-2006,0.6200000047683716,0.6200000047683716,0,0.6200000047683716,0.6200000047683716,0.28551384806632996
25-01-2006,0.6200000047683716,0.6200000047683716,1500,0.6200000047683716,0.6200000047683716,0.28551384806632996
26-01-2006,0.5799999833106995,0.6200000047683716,16900,0.6200000047683716,0.5799999833106995,0.2670935094356537
27-01-2006,0.5799999833106995,0.6800000071525574,6000,0.6800000071525574,0.5799999833106995,0.2670935094356537
30-01-2006,0.5600000023841858,0.5600000023841858,1100,0.5600000023841858,0.5600000023841858,0.2578835189342499
31-01-2006,0.550000011920929,0.5600000023841858,8000,0.5600000023841858,0.550000011920929,0.2532784044742584
01-02-2006,0.550000011920929,0.550000011920929,600,0.550000011920929,0.550000011920929,0.2532784044742584
02-02-2006,0.6000000238418579,0.6000000238418579,2000,0.6000000238418579,0.6000000238418579,0.2763036787509918
03-02-2006,0.550000011920929,0.5600000023841858,5200,0.5600000023841858,0.550000011920929,0.2532784044742584
06-02-2006,0.550000011920929,0.550000011920929,13800,0.6000000238418579,0.6000000238418579,0.2763036787509918
07-02-2006,0.6000000238418579,0.6499999761581421,2300,0.6499999761581421,0.6000000238418579,0.2763036787509918
08-02-2006,0.6000000238418579,0.6499999761581421,9400,0.6899999976158142,0.6899999976158142,0.3177492618560791
09-02-2006,0.6899999976158142,0.6899999976158142,0,0.6899999976158142,0.6899999976158142,0.3177492618560791
10-02-2006,0.6000000238418579,0.6000000238418579,200,0.6000000238418579,0.6000000238418579,0.2763036787509918
13-02-2006,0.6000000238418579,0.6000000238418579,0,0.6000000238418579,0.6000000238418579,0.2763036787509918
14-02-2006,0.6000000238418579,0.6000000238418579,0,0.6000000238418579,0.6000000238418579,0.2763036787509918
15-02-2006,0.6299999952316284,0.6800000071525574,57900,0.6899999976158142,0.6800000071525574,0.3131442666053772
16-02-2006,0.6399999856948853,0.6499999761581421,21000,0.6800000071525574,0.6399999856948853,0.2947239577770233
17-02-2006,0.6399999856948853,0.6399999856948853,26200,0.6899999976158142,0.6899999976158142,0.3177492618560791
21-02-2006,0.6399999856948853,0.6399999856948853,5100,0.6899999976158142,0.6899999976158142,0.3177492618560791
22-02-2006,0.6899999976158142,0.6899999976158142,0,0.6899999976158142,0.6899999976158142,0.3177492618560791
23-02-2006,0.6399999856948853,0.6399999856948853,2600,0.6399999856948853,0.6399999856948853,0.2947239577770233
24-02-2006,0.6399999856948853,0.6399999856948853,0,0.6399999856948853,0.6399999856948853,0.2947239577770233
27-02-2006,0.6399999856948853,0.6899999976158142,13200,0.6899999976158142,0.6399999856948853,0.2947239577770233
28-02-2006,0.6399999856948853,0.6399999856948853,0,0.6399999856948853,0.6399999856948853,0.2947239577770233
01-03-2006,0.6399999856948853,0.6399999856948853,500,0.6399999856948853,0.6399999856948853,0.2947239577770233
02-03-2006,0.6399999856948853,0.6399999856948853,2700,0.6399999856948853,0.6399999856948853,0.2947239577770233
03-03-2006,0.6399999856948853,0.6399999856948853,0,0.6399999856948853,0.6399999856948853,0.2947239577770233
06-03-2006,0.6299999952316284,0.6299999952316284,90700,0.6700000166893005,0.6700000166893005,0.30853918194770813
07-03-2006,0.6700000166893005,0.6700000166893005,0,0.6700000166893005,0.6700000166893005,0.30853918194770813
08-03-2006,0.6700000166893005,0.6700000166893005,0,0.6700000166893005,0.6700000166893005,0.30853918194770813
09-03-2006,0.6299999952316284,0.6299999952316284,900,0.6299999952316284,0.6299999952316284,0.290118932723999
10-03-2006,0.6299999952316284,0.6299999952316284,6000,0.6700000166893005,0.6700000166893005,0.30853918194770813
13-03-2006,0.6399999856948853,0.6399999856948853,1000,0.6399999856948853,0.6399999856948853,0.2947239577770233
14-03-2006,0.6399999856948853,0.6399999856948853,0,0.6399999856948853,0.6399999856948853,0.2947239577770233
15-03-2006,0.6399999856948853,0.6399999856948853,0,0.6399999856948853,0.6399999856948853,0.2947239577770233
16-03-2006,0.6399999856948853,0.6399999856948853,5500,0.6399999856948853,0.6399999856948853,0.2947239577770233
17-03-2006,0.6299999952316284,0.6299999952316284,2500,0.6299999952316284,0.6299999952316284,0.290118932723999
20-03-2006,0.6299999952316284,0.6299999952316284,0,0.6299999952316284,0.6299999952316284,0.290118932723999
21-03-2006,0.6299999952316284,0.6299999952316284,0,0.6299999952316284,0.6299999952316284,0.290118932723999
22-03-2006,0.6299999952316284,0.6299999952316284,4000,0.6299999952316284,0.6299999952316284,0.290118932723999
23-03-2006,0.5799999833106995,0.5799999833106995,1100,0.5799999833106995,0.5799999833106995,0.2670935094356537
24-03-2006,0.5799999833106995,0.5799999833106995,0,0.5799999833106995,0.5799999833106995,0.2670935094356537
27-03-2006,0.6000000238418579,0.6000000238418579,15300,0.6499999761581421,0.6499999761581421,0.29932910203933716
28-03-2006,0.6000000238418579,0.6499999761581421,4200,0.6499999761581421,0.6000000238418579,0.2763036787509918
29-03-2006,0.6000000238418579,0.6000000238418579,5100,0.6000000238418579,0.6000000238418579,0.2763036787509918
30-03-2006,0.6000000238418579,0.6000000238418579,2000,0.6000000238418579,0.6000000238418579,0.2763036787509918
31-03-2006,0.6000000238418579,0.6000000238418579,9900,0.6399999856948853,0.6399999856948853,0.2947239577770233
03-04-2006,0.5899999737739563,0.5899999737739563,5100,0.6200000047683716,0.5899999737739563,0.271698534488678
04-04-2006,0.6100000143051147,0.6100000143051147,2600,0.6100000143051147,0.6100000143051147,0.28090882301330566
05-04-2006,0.6299999952316284,0.6399999856948853,22000,0.6499999761581421,0.6499999761581421,0.29932910203933716
06-04-2006,0.6499999761581421,0.6499999761581421,0,0.6499999761581421,0.6499999761581421,0.29932910203933716
07-04-2006,0.6000000238418579,0.6499999761581421,67400,0.6800000071525574,0.6800000071525574,0.3131442666053772
10-04-2006,0.6299999952316284,0.6399999856948853,18100,0.6399999856948853,0.6299999952316284,0.290118932723999
11-04-2006,0.6299999952316284,0.6299999952316284,15800,0.6499999761581421,0.6499999761581421,0.29932910203933716
12-04-2006,0.6000000238418579,0.6200000047683716,13000,0.6200000047683716,0.6000000238418579,0.2763036787509918
13-04-2006,0.6000000238418579,0.6000000238418579,20500,0.6499999761581421,0.6499999761581421,0.29932910203933716
17-04-2006,0.6499999761581421,0.6499999761581421,0,0.6499999761581421,0.6499999761581421,0.29932910203933716
18-04-2006,0.6000000238418579,0.6000000238418579,23500,0.6000000238418579,0.6000000238418579,0.2763036787509918
19-04-2006,0.6000000238418579,0.6000000238418579,10900,0.6000000238418579,0.6000000238418579,0.2763036787509918
20-04-2006,0.6000000238418579,0.6399999856948853,20300,0.6399999856948853,0.6000000238418579,0.2763036787509918
21-04-2006,0.6000000238418579,0.6000000238418579,5000,0.6399999856948853,0.6399999856948853,0.2947239577770233
24-04-2006,0.5899999737739563,0.6000000238418579,5700,0.6000000238418579,0.5899999737739563,0.271698534488678
25-04-2006,0.5799999833106995,0.5799999833106995,9500,0.6299999952316284,0.6299999952316284,0.290118932723999
26-04-2006,0.6000000238418579,0.6000000238418579,6000,0.6000000238418579,0.6000000238418579,0.2763036787509918
27-04-2006,0.5699999928474426,0.5699999928474426,7600,0.6000000238418579,0.6000000238418579,0.2763036787509918
28-04-2006,0.5699999928474426,0.5699999928474426,200,0.5699999928474426,0.5699999928474426,0.2624885141849518
01-05-2006,0.6000000238418579,0.6000000238418579,20000,0.6000000238418579,0.6000000238418579,0.2763036787509918
02-05-2006,0.6000000238418579,0.6000000238418579,0,0.6000000238418579,0.6000000238418579,0.2763036787509918
03-05-2006,0.6000000238418579,0.6000000238418579,0,0.6000000238418579,0.6000000238418579,0.2763036787509918
04-05-2006,0.5899999737739563,0.5899999737739563,400,0.5899999737739563,0.5899999737739563,0.271698534488678
05-05-2006,0.5899999737739563,0.5899999737739563,0,0.5899999737739563,0.5899999737739563,0.271698534488678
08-05-2006,0.5899999737739563,0.5899999737739563,9100,0.6100000143051147,0.5899999737739563,0.271698534488678
09-05-2006,0.5899999737739563,0.5899999737739563,0,0.5899999737739563,0.5899999737739563,0.271698534488678
10-05-2006,0.5799999833106995,0.5799999833106995,800,0.5799999833106995,0.5799999833106995,0.2670935094356537
11-05-2006,0.5799999833106995,0.5799999833106995,2200,0.5799999833106995,0.5799999833106995,0.2670935094356537
12-05-2006,0.5799999833106995,0.5799999833106995,0,0.5799999833106995,0.5799999833106995,0.2670935094356537
15-05-2006,0.6399999856948853,0.6399999856948853,1000,0.6399999856948853,0.6399999856948853,0.2947239577770233
16-05-2006,0.6000000238418579,0.6000000238418579,18000,0.6000000238418579,0.6000000238418579,0.2763036787509918
17-05-2006,0.6000000238418579,0.6000000238418579,0,0.6000000238418579,0.6000000238418579,0.2763036787509918
18-05-2006,0.6000000238418579,0.6000000238418579,0,0.6000000238418579,0.6000000238418579,0.2763036787509918
19-05-2006,0.6000000238418579,0.6000000238418579,0,0.6000000238418579,0.6000000238418579,0.2763036787509918
22-05-2006,0.6000000238418579,0.6000000238418579,8000,0.6000000238418579,0.6000000238418579,0.2763036787509918
23-05-2006,0.5799999833106995,0.6000000238418579,8500,0.6000000238418579,0.5799999833106995,0.2670935094356537
24-05-2006,0.5799999833106995,0.5799999833106995,0,0.5799999833106995,0.5799999833106995,0.2670935094356537
25-05-2006,0.5799999833106995,0.5799999833106995,0,0.5799999833106995,0.5799999833106995,0.2670935094356537
26-05-2006,0.5799999833106995,0.5799999833106995,3200,0.5799999833106995,0.5799999833106995,0.2670935094356537
30-05-2006,0.5799999833106995,0.5799999833106995,2500,0.5799999833106995,0.5799999833106995,0.2670935094356537
31-05-2006,0.5799999833106995,0.5799999833106995,0,0.5799999833106995,0.5799999833106995,0.2670935094356537
01-06-2006,0.5699999928474426,0.5699999928474426,200,0.5699999928474426,0.5699999928474426,0.2624885141849518
02-06-2006,0.5699999928474426,0.5699999928474426,700,0.5699999928474426,0.5699999928474426,0.2624885141849518
05-06-2006,0.5699999928474426,0.5699999928474426,1500,0.5699999928474426,0.5699999928474426,0.2624885141849518
06-06-2006,0.5699999928474426,0.5699999928474426,0,0.5699999928474426,0.5699999928474426,0.2624885141849518
07-06-2006,0.5799999833106995,0.5799999833106995,3000,0.5799999833106995,0.5799999833106995,0.2670935094356537
08-06-2006,0.5799999833106995,0.5799999833106995,7000,0.5799999833106995,0.5799999833106995,0.2670935094356537
09-06-2006,0.5799999833106995,0.5799999833106995,0,0.5799999833106995,0.5799999833106995,0.2670935094356537
12-06-2006,0.5699999928474426,0.5699999928474426,5000,0.5699999928474426,0.5699999928474426,0.2624885141849518
13-06-2006,0.5699999928474426,0.5699999928474426,1000,0.5699999928474426,0.5699999928474426,0.2624885141849518
14-06-2006,0.5699999928474426,0.5699999928474426,0,0.5699999928474426,0.5699999928474426,0.2624885141849518
15-06-2006,0.6499999761581421,0.6800000071525574,128500,0.699999988079071,0.6600000262260437,0.30393412709236145
16-06-2006,0.6499999761581421,0.6600000262260437,5600,0.6600000262260437,0.6499999761581421,0.29932910203933716
19-06-2006,0.6499999761581421,0.6499999761581421,0,0.6499999761581421,0.6499999761581421,0.29932910203933716
20-06-2006,0.6600000262260437,0.6600000262260437,200,0.6600000262260437,0.6600000262260437,0.30393412709236145
21-06-2006,0.6600000262260437,0.6600000262260437,2500,0.6600000262260437,0.6600000262260437,0.30393412709236145
22-06-2006,0.6600000262260437,0.6600000262260437,200,0.6600000262260437,0.6600000262260437,0.30393412709236145
23-06-2006,0.6600000262260437,0.6600000262260437,0,0.6600000262260437,0.6600000262260437,0.30393412709236145
26-06-2006,0.6499999761581421,0.6600000262260437,9500,0.699999988079071,0.699999988079071,0.32235434651374817
27-06-2006,0.6600000262260437,0.6600000262260437,13700,0.6600000262260437,0.6600000262260437,0.30393412709236145
28-06-2006,0.6499999761581421,0.6499999761581421,800,0.6499999761581421,0.6499999761581421,0.29932910203933716
29-06-2006,0.6499999761581421,0.6499999761581421,0,0.6499999761581421,0.6499999761581421,0.29932910203933716
30-06-2006,0.6299999952316284,0.6299999952316284,13000,0.6499999761581421,0.6499999761581421,0.29932910203933716
03-07-2006,0.6499999761581421,0.6499999761581421,0,0.6499999761581421,0.6499999761581421,0.29932910203933716
05-07-2006,0.6499999761581421,0.6499999761581421,700,0.6499999761581421,0.6499999761581421,0.29932910203933716
06-07-2006,0.6499999761581421,0.6499999761581421,0,0.6499999761581421,0.6499999761581421,0.29932910203933716
07-07-2006,0.6499999761581421,0.6499999761581421,0,0.6499999761581421,0.6499999761581421,0.29932910203933716
10-07-2006,0.6499999761581421,0.6499999761581421,0,0.6499999761581421,0.6499999761581421,0.29932910203933716
11-07-2006,0.6499999761581421,0.6499999761581421,0,0.6499999761581421,0.6499999761581421,0.29932910203933716
12-07-2006,0.800000011920929,0.800000011920929,1092000,1.649999976158142,1.6200000047683716,0.7460199594497681
13-07-2006,1.4700000286102295,1.600000023841858,823500,2.0899999141693115,1.9500000476837158,0.8979868292808533
14-07-2006,1.7699999809265137,1.9500000476837158,120800,2.0,1.899999976158142,0.874961793422699
17-07-2006,1.8300000429153442,1.850000023841858,68500,1.899999976158142,1.8799999952316284,0.8657516837120056
18-07-2006,1.899999976158142,1.9500000476837158,65800,2.0199999809265137,2.0,0.9210125207901001
19-07-2006,1.9500000476837158,2.0,211900,2.0999999046325684,2.0999999046325684,0.9670629501342773
20-07-2006,2.119999885559082,2.119999885559082,72300,2.299999952316284,2.1500000953674316,0.9900884032249451
21-07-2006,2.049999952316284,2.200000047683716,37900,2.25,2.0999999046325684,0.9670629501342773
24-07-2006,2.049999952316284,2.049999952316284,52400,2.200000047683716,2.180000066757202,1.0039033889770508
25-07-2006,2.200000047683716,2.200000047683716,32200,2.25,2.25,1.0361384153366089
26-07-2006,2.2300000190734863,2.25,191200,2.3499999046325684,2.3399999141693115,1.0775845050811768
27-07-2006,2.319999933242798,2.3399999141693115,70300,2.4000000953674316,2.390000104904175,1.1006097793579102
28-07-2006,2.2200000286102295,2.4100000858306885,48800,2.430000066757202,2.25,1.0361384153366089
31-07-2006,2.25,2.25,16100,2.369999885559082,2.309999942779541,1.0637691020965576
01-08-2006,2.309999942779541,2.3499999046325684,11100,2.3499999046325684,2.3499999046325684,1.082189679145813
02-08-2006,2.3499999046325684,2.369999885559082,25400,2.4000000953674316,2.4000000953674316,1.1052147150039673
03-08-2006,2.299999952316284,2.359999895095825,22000,2.4000000953674316,2.359999895095825,1.086794137954712
04-08-2006,2.309999942779541,2.359999895095825,55100,2.4000000953674316,2.3499999046325684,1.082189679145813
07-08-2006,2.2699999809265137,2.3499999046325684,40100,2.380000114440918,2.309999942779541,1.0637691020965576
08-08-2006,2.009999990463257,2.4000000953674316,122800,2.4100000858306885,2.380000114440918,1.0960047245025635
09-08-2006,2.25,2.390000104904175,106600,2.430000066757202,2.25,1.0361384153366089
10-08-2006,2.0799999237060547,2.25,123500,2.25,2.0799999237060547,0.9578529000282288
11-08-2006,2.049999952316284,2.0799999237060547,33300,2.130000114440918,2.130000114440918,0.9808780550956726
14-08-2006,2.059999942779541,2.059999942779541,39000,2.180000066757202,2.069999933242798,0.9532476663589478
15-08-2006,2.049999952316284,2.069999933242798,51600,2.25,2.25,1.0361384153366089
16-08-2006,2.200000047683716,2.25,213800,2.75,2.740000009536743,1.2617865800857544
17-08-2006,2.740000009536743,2.799999952316284,320700,3.180000066757202,2.950000047683716,1.3584929704666138
18-08-2006,3.0,3.0,283800,3.369999885559082,3.319999933242798,1.5288804769515991
21-08-2006,3.3499999046325684,3.359999895095825,196600,3.680000066757202,3.5399999618530273,1.6301920413970947
22-08-2006,2.9000000953674316,3.509999990463257,229300,3.5999999046325684,3.140000104904175,1.4459892511367798
23-08-2006,3.1500000953674316,3.299999952316284,36300,3.4000000953674316,3.25,1.496645212173462
24-08-2006,2.950000047683716,3.200000047683716,50700,3.3499999046325684,3.3499999046325684,1.54269540309906
25-08-2006,3.0799999237060547,3.3499999046325684,15800,3.3499999046325684,3.1500000953674316,1.450594425201416
28-08-2006,2.950000047683716,3.1500000953674316,39000,3.180000066757202,3.049999952316284,1.4045441150665283
29-08-2006,2.9000000953674316,2.950000047683716,69200,3.0999999046325684,2.9600000381469727,1.36309814453125
30-08-2006,2.559999942779541,2.9200000762939453,141700,3.049999952316284,3.049999952316284,1.4045441150665283
31-08-2006,3.0,3.049999952316284,6700,3.049999952316284,3.0,1.3815187215805054
01-09-2006,2.9000000953674316,2.9000000953674316,15600,3.1500000953674316,3.0999999046325684,1.427568793296814
05-09-2006,3.009999990463257,3.049999952316284,17300,3.200000047683716,3.0999999046325684,1.427568793296814
06-09-2006,3.0,3.0,21200,3.25,3.0999999046325684,1.427568793296814
07-09-2006,2.8499999046325684,3.0,35600,3.049999952316284,3.049999952316284,1.4045441150665283
08-09-2006,2.890000104904175,2.890000104904175,13700,3.049999952316284,3.049999952316284,1.4045441150665283
11-09-2006,2.75,2.9700000286102295,26400,2.9700000286102295,2.9000000953674316,1.3354675769805908
12-09-2006,2.75,2.8499999046325684,18000,2.8499999046325684,2.799999952316284,1.2894173860549927
13-09-2006,2.7699999809265137,2.7699999809265137,36900,3.0,2.990000009536743,1.3769135475158691
14-09-2006,3.0299999713897705,3.049999952316284,24900,3.200000047683716,3.0999999046325684,1.427568793296814
15-09-2006,3.0799999237060547,3.200000047683716,25200,3.200000047683716,3.119999885559082,1.436779499053955
18-09-2006,3.009999990463257,3.1500000953674316,12600,3.1500000953674316,3.0999999046325684,1.427568793296814
19-09-2006,2.8499999046325684,2.8499999046325684,27700,3.1500000953674316,3.119999885559082,1.436779499053955
20-09-2006,3.0,3.0,13300,3.1700000762939453,3.1700000762939453,1.4598045349121094
21-09-2006,3.1500000953674316,3.200000047683716,59400,3.200000047683716,3.200000047683716,1.473620057106018
22-09-2006,3.0999999046325684,3.190000057220459,91800,3.25,3.25,1.496645212173462
25-09-2006,2.9000000953674316,2.9800000190734863,34200,3.0999999046325684,3.049999952316284,1.4045441150665283
26-09-2006,2.950000047683716,3.009999990463257,46900,3.200000047683716,3.0999999046325684,1.427568793296814
27-09-2006,3.059999942779541,3.0999999046325684,21400,3.0999999046325684,3.0999999046325684,1.427568793296814
28-09-2006,3.049999952316284,3.069999933242798,19600,3.0999999046325684,3.0799999237060547,1.4183590412139893
29-09-2006,3.049999952316284,3.0799999237060547,7000,3.0799999237060547,3.0799999237060547,1.4183590412139893
02-10-2006,3.049999952316284,3.0999999046325684,18400,3.0999999046325684,3.0799999237060547,1.4183590412139893
03-10-2006,3.059999942779541,3.0799999237060547,11400,3.0999999046325684,3.069999933242798,1.4137541055679321
04-10-2006,3.069999933242798,3.069999933242798,74100,3.1500000953674316,3.1500000953674316,1.450594425201416
05-10-2006,3.119999885559082,3.200000047683716,89300,3.2699999809265137,3.25,1.496645212173462
06-10-2006,3.0999999046325684,3.25,21800,3.259999990463257,3.119999885559082,1.436779499053955
09-10-2006,3.0999999046325684,3.119999885559082,170000,3.450000047683716,3.440000057220459,1.584141492843628
10-10-2006,3.2899999618530273,3.380000114440918,120800,3.450000047683716,3.3499999046325684,1.54269540309906
11-10-2006,3.2300000190734863,3.4000000953674316,23900,3.4000000953674316,3.2300000190734863,1.4874348640441895
12-10-2006,3.200000047683716,3.200000047683716,20600,3.2200000286102295,3.2100000381469727,1.478224754333496
13-10-2006,3.200000047683716,3.200000047683716,20000,3.4000000953674316,3.299999952316284,1.519670009613037
16-10-2006,3.299999952316284,3.4000000953674316,11600,3.4000000953674316,3.4000000953674316,1.5657212734222412
17-10-2006,3.299999952316284,3.4000000953674316,42000,3.4000000953674316,3.3499999046325684,1.54269540309906
18-10-2006,3.3499999046325684,3.3499999046325684,1700,3.4000000953674316,3.4000000953674316,1.5657212734222412
19-10-2006,3.200000047683716,3.4000000953674316,3500,3.4000000953674316,3.200000047683716,1.473620057106018
20-10-2006,3.200000047683716,3.299999952316284,15800,3.4000000953674316,3.200000047683716,1.473620057106018
23-10-2006,3.1700000762939453,3.1700000762939453,22200,3.299999952316284,3.25,1.496645212173462
24-10-2006,3.2699999809265137,3.2899999618530273,12400,3.3499999046325684,3.2699999809265137,1.5058552026748657
25-10-2006,3.2300000190734863,3.240000009536743,39200,3.4000000953674316,3.259999990463257,1.50124990940094
26-10-2006,3.259999990463257,3.259999990463257,2300,3.4000000953674316,3.4000000953674316,1.5657212734222412
27-10-2006,3.259999990463257,3.319999933242798,24000,3.4000000953674316,3.390000104904175,1.5611157417297363
30-10-2006,3.25,3.25,29000,3.299999952316284,3.299999952316284,1.519670009613037
31-10-2006,3.25,3.25,19200,3.4000000953674316,3.4000000953674316,1.5657212734222412
01-11-2006,3.240000009536743,3.3499999046325684,40300,3.390000104904175,3.25,1.496645212173462
02-11-2006,3.200000047683716,3.2200000286102295,16300,3.25,3.240000009536743,1.4920399188995361
03-11-2006,3.200000047683716,3.200000047683716,13000,3.2899999618530273,3.2899999618530273,1.5150654315948486
06-11-2006,3.2100000381469727,3.299999952316284,19300,3.299999952316284,3.25,1.496645212173462
07-11-2006,3.25,3.25,45200,3.299999952316284,3.299999952316284,1.519670009613037
08-11-2006,3.2799999713897705,3.2799999713897705,20500,3.4200000762939453,3.4000000953674316,1.5657212734222412
09-11-2006,3.4100000858306885,3.4100000858306885,114100,3.75,3.6500000953674316,1.6808478832244873
10-11-2006,3.5999999046325684,3.6600000858306885,28300,3.75,3.700000047683716,1.7038735151290894
13-11-2006,3.700000047683716,3.700000047683716,22600,3.75,3.700000047683716,1.7038735151290894
14-11-2006,3.6700000762939453,3.690000057220459,16200,3.740000009536743,3.7200000286102295,1.713083267211914
15-11-2006,3.700000047683716,4.150000095367432,306000,4.150000095367432,3.799999952316284,1.749923586845398
16-11-2006,3.700000047683716,3.799999952316284,16000,3.880000114440918,3.700000047683716,1.7038735151290894
17-11-2006,3.6500000953674316,3.799999952316284,25700,3.799999952316284,3.700000047683716,1.7038735151290894
20-11-2006,3.6500000953674316,3.690000057220459,124100,3.799999952316284,3.700000047683716,1.7038735151290894
21-11-2006,3.5999999046325684,3.700000047683716,65500,3.700000047683716,3.5999999046325684,1.6578220129013062
22-11-2006,3.569999933242798,3.6500000953674316,72500,3.7200000286102295,3.569999933242798,1.6440070867538452
24-11-2006,3.559999942779541,3.559999942779541,13400,3.640000104904175,3.640000104904175,1.6762419939041138
27-11-2006,3.5999999046325684,3.640000104904175,30700,3.6500000953674316,3.5999999046325684,1.6578220129013062
28-11-2006,3.5999999046325684,3.5999999046325684,138700,3.9000000953674316,3.8499999046325684,1.772948980331421
29-11-2006,3.759999990463257,3.8499999046325684,6900,3.8499999046325684,3.799999952316284,1.749923586845398
30-11-2006,3.7200000286102295,3.799999952316284,3400,3.799999952316284,3.7799999713897705,1.740713119506836
01-12-2006,3.740000009536743,3.7799999713897705,6400,3.7799999713897705,3.75,1.7268985509872437
04-12-2006,3.6500000953674316,3.7799999713897705,7100,3.7799999713897705,3.75,1.7268985509872437
05-12-2006,3.680000066757202,3.680000066757202,8500,3.75,3.7100000381469727,1.7084779739379883
06-12-2006,3.5799999237060547,3.7100000381469727,31200,3.7100000381469727,3.7100000381469727,1.7084779739379883
07-12-2006,3.6500000953674316,3.7100000381469727,8300,3.7100000381469727,3.700000047683716,1.7038735151290894
08-12-2006,3.6500000953674316,3.6500000953674316,14000,3.8499999046325684,3.799999952316284,1.749923586845398
11-12-2006,3.819999933242798,3.890000104904175,70700,3.950000047683716,3.9000000953674316,1.7959736585617065
12-12-2006,3.8499999046325684,3.869999885559082,6100,3.9200000762939453,3.9000000953674316,1.7959736585617065
13-12-2006,3.869999885559082,3.9200000762939453,57900,4.110000133514404,4.0,1.8420250415802002
14-12-2006,4.0,4.0,40900,4.099999904632568,4.050000190734863,1.865050196647644
15-12-2006,4.03000020980835,4.150000095367432,50500,4.150000095367432,4.110000133514404,1.892680287361145
18-12-2006,4.010000228881836,4.139999866485596,27000,4.150000095367432,4.150000095367432,1.9111013412475586
19-12-2006,4.139999866485596,4.150000095367432,36400,4.199999809265137,4.190000057220459,1.9295203685760498
20-12-2006,4.150000095367432,4.190000057220459,24300,4.190000057220459,4.179999828338623,1.9249165058135986
21-12-2006,4.159999847412109,4.179999828338623,3000,4.179999828338623,4.179999828338623,1.9249165058135986
22-12-2006,4.150000095367432,4.179999828338623,3600,4.179999828338623,4.159999847412109,1.9157058000564575
26-12-2006,4.0,4.150000095367432,20000,4.159999847412109,4.099999904632568,1.888075590133667
27-12-2006,4.099999904632568,4.099999904632568,6300,4.130000114440918,4.099999904632568,1.888075590133667
28-12-2006,4.019999980926514,4.099999904632568,16500,4.150000095367432,4.119999885559082,1.8972851037979126
29-12-2006,4.0,4.0,57400,4.25,4.25,1.957150936126709
03-01-2007,4.119999885559082,4.25,66100,4.449999809265137,4.449999809265137,2.0492522716522217
04-01-2007,4.0,4.449999809265137,36000,4.449999809265137,4.239999771118164,1.95254647731781
05-01-2007,4.099999904632568,4.25,22900,4.25,4.099999904632568,1.888075590133667
08-01-2007,4.0,4.130000114440918,90700,4.199999809265137,4.199999809265137,1.9341259002685547
09-01-2007,4.150000095367432,4.179999828338623,28300,4.25,4.150000095367432,1.9111013412475586
10-01-2007,4.199999809265137,4.25,11500,4.349999904632568,4.300000190734863,1.9801768064498901
11-01-2007,4.25,4.25,38200,4.449999809265137,4.400000095367432,2.0262272357940674
12-01-2007,4.349999904632568,4.400000095367432,64500,4.599999904632568,4.380000114440918,2.017016887664795
16-01-2007,4.400000095367432,4.400000095367432,25400,4.570000171661377,4.550000190734863,2.095303535461426
17-01-2007,4.599999904632568,4.650000095367432,81100,4.730000019073486,4.71999979019165,2.173588275909424
18-01-2007,4.699999809265137,4.75,58100,4.760000228881836,4.71999979019165,2.173588275909424
19-01-2007,4.71999979019165,4.730000019073486,122100,5.309999942779541,5.300000190734863,2.4406824111938477
22-01-2007,5.300000190734863,5.440000057220459,240300,5.590000152587891,5.340000152587891,2.4591031074523926
23-01-2007,5.150000095367432,5.449999809265137,177100,5.550000190734863,5.199999809265137,2.3946328163146973
24-01-2007,5.119999885559082,5.150000095367432,84900,5.380000114440918,5.25,2.417656660079956
25-01-2007,5.130000114440918,5.25,39100,5.349999904632568,5.130000114440918,2.3623969554901123
26-01-2007,4.900000095367432,5.199999809265137,29600,5.199999809265137,5.150000095367432,2.371607780456543
29-01-2007,5.050000190734863,5.150000095367432,34900,5.28000020980835,5.099999904632568,2.3485817909240723
30-01-2007,4.849999904632568,5.099999904632568,28100,5.099999904632568,5.099999904632568,2.3485817909240723
31-01-2007,5.050000190734863,5.059999942779541,18300,5.099999904632568,5.099999904632568,2.3485817909240723
01-02-2007,5.050000190734863,5.099999904632568,23400,5.25,5.25,2.417656660079956
02-02-2007,5.199999809265137,5.25,12800,5.489999771118164,5.300000190734863,2.4406824111938477
05-02-2007,5.300000190734863,5.300000190734863,53900,5.5,5.5,2.5327844619750977
06-02-2007,5.5,5.5,545100,6.099999904632568,6.050000190734863,2.786062717437744
07-02-2007,5.75,6.050000190734863,65500,6.050000190734863,5.900000095367432,2.7169859409332275
08-02-2007,5.710000038146973,6.0,52400,6.0,5.75,2.6479103565216064
09-02-2007,5.699999809265137,5.75,33300,5.75,5.75,2.6479103565216064
12-02-2007,5.699999809265137,5.849999904632568,43900,5.900000095367432,5.739999771118164,2.6433048248291016
13-02-2007,5.599999904632568,5.699999809265137,39500,5.75,5.650000095367432,2.601860284805298
14-02-2007,4.0,5.510000228881836,399600,5.519999980926514,4.25,1.957150936126709
15-02-2007,3.75,3.930000066757202,458400,4.150000095367432,4.050000190734863,1.865050196647644
16-02-2007,3.9000000953674316,4.03000020980835,94100,4.150000095367432,4.150000095367432,1.9111013412475586
20-02-2007,3.950000047683716,4.099999904632568,117700,4.25,4.210000038146973,1.9387308359146118
21-02-2007,4.130000114440918,4.210000038146973,46300,4.25,4.170000076293945,1.9203107357025146
22-02-2007,4.170000076293945,4.170000076293945,38600,4.349999904632568,4.300000190734863,1.9801768064498901
23-02-2007,4.230000019073486,4.349999904632568,20400,4.349999904632568,4.28000020980835,1.9709669351577759
26-02-2007,4.110000133514404,4.25,24000,4.25,4.230000019073486,1.9479408264160156
27-02-2007,3.8499999046325684,4.199999809265137,98600,4.239999771118164,3.9700000286102295,1.8282095193862915
28-02-2007,3.700000047683716,3.9700000286102295,90800,3.9700000286102295,3.75,1.7268985509872437
01-03-2007,3.6500000953674316,3.700000047683716,90400,3.799999952316284,3.6500000953674316,1.6808478832244873
02-03-2007,3.700000047683716,3.700000047683716,39400,3.7899999618530273,3.7899999618530273,1.7453190088272095
05-03-2007,3.700000047683716,3.75,47900,3.9200000762939453,3.75,1.7268985509872437
06-03-2007,3.950000047683716,4.050000190734863,25600,4.050000190734863,4.0,1.8420250415802002
07-03-2007,3.950000047683716,4.0,115300,4.070000171661377,3.9600000381469727,1.8236042261123657
08-03-2007,4.019999980926514,4.039999961853027,14300,4.059999942779541,4.019999980926514,1.8512351512908936
09-03-2007,4.099999904632568,4.099999904632568,23400,4.179999828338623,4.179999828338623,1.9249165058135986
12-03-2007,4.170000076293945,4.199999809265137,20500,4.25,4.199999809265137,1.9341259002685547
13-03-2007,4.199999809265137,4.199999809265137,83700,4.460000038146973,4.449999809265137,2.0492522716522217
14-03-2007,4.25,4.349999904632568,19700,4.449999809265137,4.349999904632568,2.003201961517334
15-03-2007,4.239999771118164,4.300000190734863,12300,4.380000114440918,4.380000114440918,2.017016887664795
16-03-2007,4.349999904632568,4.380000114440918,20400,4.449999809265137,4.429999828338623,2.0400426387786865
19-03-2007,3.819999933242798,4.380000114440918,55000,4.480000019073486,3.880000114440918,1.78676438331604
20-03-2007,4.199999809265137,4.5,17900,4.5,4.449999809265137,2.0492522716522217
21-03-2007,4.03000020980835,4.5,19200,4.53000020980835,4.53000020980835,2.0860931873321533
22-03-2007,4.5,5.0,11800,5.0,4.5,2.0722768306732178
23-03-2007,4.519999980926514,4.519999980926514,29300,5.0,4.730000019073486,2.178194284439087
26-03-2007,4.78000020980835,4.78000020980835,54000,4.880000114440918,4.869999885559082,2.2426650524139404
27-03-2007,4.75,4.929999828338623,13300,4.929999828338623,4.829999923706055,2.2242443561553955
28-03-2007,4.53000020980835,4.820000171661377,3700,4.820000171661377,4.53000020980835,2.0860931873321533
29-03-2007,4.650000095367432,4.789999961853027,18000,4.789999961853027,4.739999771118164,2.182799816131592
30-03-2007,4.579999923706055,4.849999904632568,9600,4.849999904632568,4.800000190734863,2.2104294300079346
02-04-2007,4.650000095367432,4.900000095367432,19200,4.900000095367432,4.800000190734863,2.2104294300079346
03-04-2007,4.659999847412109,4.75,4900,4.809999942779541,4.809999942779541,2.215034246444702
04-04-2007,4.699999809265137,4.78000020980835,5600,4.78000020980835,4.78000020980835,2.2012195587158203
05-04-2007,4.690000057220459,4.809999942779541,6000,4.809999942779541,4.75,2.1874043941497803
09-04-2007,4.739999771118164,4.800000190734863,11500,4.809999942779541,4.78000020980835,2.2012195587158203
10-04-2007,4.630000114440918,4.809999942779541,21900,4.809999942779541,4.699999809265137,2.164379358291626
11-04-2007,4.579999923706055,4.699999809265137,12800,4.699999809265137,4.679999828338623,2.1551690101623535
12-04-2007,4.449999809265137,4.679999828338623,11900,4.679999828338623,4.590000152587891,2.1137235164642334
13-04-2007,4.53000020980835,4.550000190734863,12900,4.670000076293945,4.550000190734863,2.095303535461426
16-04-2007,4.489999771118164,4.699999809265137,29700,4.699999809265137,4.519999980926514,2.0814883708953857
17-04-2007,4.489999771118164,4.599999904632568,20100,4.599999904632568,4.5,2.0722768306732178
18-04-2007,4.130000114440918,4.5,13200,4.5,4.5,2.0722768306732178
19-04-2007,4.320000171661377,4.460000038146973,19700,4.5,4.5,2.0722768306732178
20-04-2007,4.400000095367432,4.400000095367432,25600,4.519999980926514,4.5,2.0722768306732178
23-04-2007,4.440000057220459,4.489999771118164,69200,4.599999904632568,4.5,2.0722768306732178
24-04-2007,4.460000038146973,4.5,37400,4.5,4.46999979019165,2.058462142944336
25-04-2007,4.5,4.5,146700,4.559999942779541,4.5,2.0722768306732178
26-04-2007,4.5,4.510000228881836,19400,4.519999980926514,4.5,2.0722768306732178
27-04-2007,4.170000076293945,4.5,19600,4.510000228881836,4.400000095367432,2.0262272357940674
30-04-2007,4.369999885559082,4.519999980926514,19700,4.519999980926514,4.400000095367432,2.0262272357940674
01-05-2007,4.300000190734863,4.400000095367432,3500,4.440000057220459,4.300000190734863,1.9801768064498901
02-05-2007,4.150000095367432,4.300000190734863,49000,4.409999847412109,4.170000076293945,1.9203107357025146
03-05-2007,3.4600000381469727,4.050000190734863,374100,4.050000190734863,3.6500000953674316,1.6808478832244873
04-05-2007,3.5999999046325684,3.5999999046325684,55500,3.8499999046325684,3.8399999141693115,1.7683442831039429
07-05-2007,3.890000104904175,3.930000066757202,59400,4.090000152587891,3.9200000762939453,1.8051843643188477
08-05-2007,3.9600000381469727,4.199999809265137,17300,4.239999771118164,4.139999866485596,1.9064953327178955
09-05-2007,3.9800000190734863,4.070000171661377,8800,4.139999866485596,4.0,1.8420250415802002
10-05-2007,3.8299999237060547,4.039999961853027,30000,4.039999961853027,3.9000000953674316,1.7959736585617065
11-05-2007,3.8499999046325684,3.9000000953674316,10200,4.0,3.8499999046325684,1.772948980331421
14-05-2007,3.799999952316284,3.8499999046325684,11700,3.859999895095825,3.809999942779541,1.7545284032821655
15-05-2007,3.75,3.8499999046325684,54700,3.859999895095825,3.8399999141693115,1.7683442831039429
16-05-2007,3.809999942779541,3.809999942779541,17600,3.940000057220459,3.8499999046325684,1.772948980331421
17-05-2007,3.8499999046325684,3.930000066757202,34800,3.950000047683716,3.880000114440918,1.78676438331604
18-05-2007,3.8499999046325684,3.880000114440918,9600,3.9600000381469727,3.950000047683716,1.8189990520477295
21-05-2007,3.950000047683716,3.950000047683716,22000,4.300000190734863,3.950000047683716,1.8189990520477295
22-05-2007,3.9000000953674316,3.9200000762939453,26400,4.190000057220459,4.050000190734863,1.865050196647644
23-05-2007,3.950000047683716,4.050000190734863,6400,4.059999942779541,4.03000020980835,1.8558403253555298
24-05-2007,4.099999904632568,4.099999904632568,62100,4.300000190734863,4.099999904632568,1.888075590133667
25-05-2007,4.099999904632568,4.21999979019165,15800,4.239999771118164,4.110000133514404,1.892680287361145
29-05-2007,4.110000133514404,4.300000190734863,34800,4.300000190734863,4.119999885559082,1.8972851037979126
30-05-2007,4.150000095367432,4.150000095367432,21200,4.199999809265137,4.199999809265137,1.9341259002685547
31-05-2007,4.110000133514404,4.289999961853027,23100,4.349999904632568,4.320000171661377,1.9893869161605835
01-06-2007,4.0,4.110000133514404,50800,4.449999809265137,4.340000152587891,1.998596429824829
04-06-2007,4.159999847412109,4.460000038146973,46000,4.460000038146973,4.239999771118164,1.95254647731781
05-06-2007,4.230000019073486,4.300000190734863,45300,4.389999866485596,4.269999980926514,1.966361165046692
06-06-2007,4.199999809265137,4.199999809265137,10300,4.25,4.210000038146973,1.9387308359146118
07-06-2007,4.179999828338623,4.199999809265137,27900,4.199999809265137,4.199999809265137,1.9341259002685547
08-06-2007,4.199999809265137,4.199999809265137,10600,4.289999961853027,4.199999809265137,1.9341259002685547
11-06-2007,4.199999809265137,4.300000190734863,32100,4.300000190734863,4.230000019073486,1.9479408264160156
12-06-2007,4.050000190734863,4.269999980926514,12800,4.269999980926514,4.199999809265137,1.9341259002685547
13-06-2007,4.199999809265137,4.28000020980835,3500,4.28000020980835,4.199999809265137,1.9341259002685547
14-06-2007,4.199999809265137,4.21999979019165,30400,4.349999904632568,4.210000038146973,1.9387308359146118
15-06-2007,4.170000076293945,4.170000076293945,10800,4.300000190734863,4.199999809265137,1.9341259002685547
18-06-2007,4.300000190734863,4.309999942779541,17300,4.400000095367432,4.389999866485596,2.0216219425201416
19-06-2007,4.369999885559082,4.400000095367432,6400,4.440000057220459,4.369999885559082,2.0124125480651855
20-06-2007,3.8499999046325684,4.369999885559082,253800,4.369999885559082,4.199999809265137,1.9341259002685547
21-06-2007,4.0,4.210000038146973,304700,4.21999979019165,4.199999809265137,1.9341259002685547
22-06-2007,4.0,4.21999979019165,9400,4.230000019073486,4.0,1.8420250415802002
25-06-2007,4.019999980926514,4.110000133514404,2300,4.230000019073486,4.019999980926514,1.8512351512908936
26-06-2007,4.0,4.050000190734863,30000,4.070000171661377,4.050000190734863,1.865050196647644
27-06-2007,4.0,4.0,4500,4.230000019073486,4.059999942779541,1.8696547746658325
28-06-2007,4.070000171661377,4.170000076293945,12100,4.199999809265137,4.190000057220459,1.9295203685760498
29-06-2007,4.150000095367432,4.159999847412109,9600,4.369999885559082,4.369999885559082,2.0124125480651855
02-07-2007,4.380000114440918,4.380000114440918,27500,4.519999980926514,4.480000019073486,2.063068151473999
03-07-2007,4.409999847412109,4.480000019073486,6900,4.480000019073486,4.480000019073486,2.063068151473999
05-07-2007,4.199999809265137,4.449999809265137,50400,4.5,4.25,1.957150936126709
06-07-2007,4.309999942779541,4.369999885559082,5000,4.5,4.460000038146973,2.0538582801818848
09-07-2007,4.440000057220459,4.460000038146973,50800,4.699999809265137,4.460000038146973,2.0538582801818848
10-07-2007,4.329999923706055,4.400000095367432,4300,4.650000095367432,4.46999979019165,2.058462142944336
11-07-2007,4.309999942779541,4.449999809265137,17600,4.449999809265137,4.349999904632568,2.003201961517334
12-07-2007,4.300000190734863,4.309999942779541,13500,4.369999885559082,4.349999904632568,2.003201961517334
13-07-2007,4.260000228881836,4.309999942779541,73300,4.360000133514404,4.329999923706055,1.9939920902252197
16-07-2007,4.21999979019165,4.300000190734863,27900,4.329999923706055,4.300000190734863,1.9801768064498901
17-07-2007,4.300000190734863,4.400000095367432,10700,4.400000095367432,4.369999885559082,2.0124125480651855
18-07-2007,4.28000020980835,4.309999942779541,45000,4.53000020980835,4.5,2.0722768306732178
19-07-2007,4.400000095367432,4.409999847412109,10400,4.519999980926514,4.5,2.0722768306732178
20-07-2007,4.5,4.550000190734863,11000,4.550000190734863,4.53000020980835,2.0860931873321533
23-07-2007,4.53000020980835,4.539999961853027,20600,4.690000057220459,4.650000095367432,2.1413536071777344
24-07-2007,4.630000114440918,4.670000076293945,2000,4.670000076293945,4.650000095367432,2.1413536071777344
25-07-2007,4.610000133514404,4.75,62000,4.75,4.610000133514404,2.1229333877563477
26-07-2007,4.389999866485596,4.800000190734863,106700,4.800000190734863,4.449999809265137,2.0492522716522217
27-07-2007,4.179999828338623,4.320000171661377,17900,4.449999809265137,4.409999847412109,2.030832529067993
30-07-2007,4.380000114440918,4.400000095367432,6900,4.440000057220459,4.389999866485596,2.0216219425201416
31-07-2007,4.309999942779541,4.349999904632568,11900,4.380000114440918,4.340000152587891,1.998596429824829
01-08-2007,4.21999979019165,4.300000190734863,19800,4.300000190734863,4.300000190734863,1.9801768064498901
02-08-2007,4.21999979019165,4.260000228881836,8800,4.309999942779541,4.300000190734863,1.9801768064498901
03-08-2007,4.099999904632568,4.21999979019165,12800,4.28000020980835,4.190000057220459,1.9295203685760498
06-08-2007,4.050000190734863,4.059999942779541,74500,4.110000133514404,4.070000171661377,1.8742600679397583
07-08-2007,4.070000171661377,4.070000171661377,19700,4.300000190734863,4.300000190734863,1.9801768064498901
08-08-2007,4.050000190734863,4.050000190734863,6900,4.289999961853027,4.289999961853027,1.9755710363388062
09-08-2007,4.059999942779541,4.210000038146973,28200,4.210000038146973,4.119999885559082,1.8972851037979126
10-08-2007,3.990000009536743,4.0,49800,4.199999809265137,4.199999809265137,1.9341259002685547
13-08-2007,4.019999980926514,4.400000095367432,12100,4.400000095367432,4.25,1.957150936126709
14-08-2007,4.070000171661377,4.289999961853027,3100,4.289999961853027,4.079999923706055,1.8788652420043945
15-08-2007,3.549999952316284,3.9000000953674316,34200,4.090000152587891,4.0,1.8420250415802002
16-08-2007,3.430000066757202,3.9000000953674316,148900,3.9000000953674316,3.7100000381469727,1.7084779739379883
17-08-2007,3.690000057220459,3.799999952316284,121200,3.9700000286102295,3.7300000190734863,1.7176878452301025
20-08-2007,3.75,3.7699999809265137,32900,3.799999952316284,3.75,1.7268985509872437
21-08-2007,3.6600000858306885,3.6600000858306885,5400,3.9000000953674316,3.9000000953674316,1.7959736585617065
22-08-2007,3.869999885559082,3.869999885559082,11800,3.9100000858306885,3.9000000953674316,1.7959736585617065
23-08-2007,3.890000104904175,3.9000000953674316,30300,3.9700000286102295,3.890000104904175,1.791368842124939
24-08-2007,3.7300000190734863,3.9000000953674316,38100,3.950000047683716,3.759999990463257,1.7315033674240112
27-08-2007,3.6500000953674316,3.7200000286102295,24400,3.8399999141693115,3.8399999141693115,1.7683442831039429
28-08-2007,3.700000047683716,3.8299999237060547,14700,3.9800000190734863,3.799999952316284,1.749923586845398
29-08-2007,3.7899999618530273,3.859999895095825,15900,4.059999942779541,3.9000000953674316,1.7959736585617065
30-08-2007,3.8299999237060547,3.9800000190734863,9900,3.990000009536743,3.940000057220459,1.8143950700759888
31-08-2007,3.9100000858306885,3.9100000858306885,1400,3.9200000762939453,3.9200000762939453,1.8051843643188477
04-09-2007,3.869999885559082,3.869999885559082,5900,3.950000047683716,3.9100000858306885,1.80057954788208
05-09-2007,3.880000114440918,3.880000114440918,3100,3.880000114440918,3.880000114440918,1.78676438331604
06-09-2007,3.8399999141693115,3.869999885559082,2100,3.9200000762939453,3.9200000762939453,1.8051843643188477
07-09-2007,3.799999952316284,3.9200000762939453,9900,3.930000066757202,3.799999952316284,1.749923586845398
10-09-2007,3.6600000858306885,3.7100000381469727,15000,3.8299999237060547,3.799999952316284,1.749923586845398
11-09-2007,3.7200000286102295,3.7899999618530273,7500,3.8499999046325684,3.7899999618530273,1.7453190088272095
12-09-2007,3.799999952316284,3.799999952316284,29500,3.869999885559082,3.859999895095825,1.7775534391403198
13-09-2007,3.859999895095825,3.859999895095825,2900,3.950000047683716,3.9100000858306885,1.80057954788208
14-09-2007,3.869999885559082,3.9000000953674316,10100,3.9000000953674316,3.890000104904175,1.791368842124939
17-09-2007,3.869999885559082,3.890000104904175,9700,3.9000000953674316,3.9000000953674316,1.7959736585617065
18-09-2007,3.7699999809265137,3.869999885559082,11000,3.880000114440918,3.880000114440918,1.78676438331604
19-09-2007,3.8499999046325684,3.8499999046325684,60700,4.0,4.0,1.8420250415802002
20-09-2007,4.0,4.0,96700,4.0,4.0,1.8420250415802002
21-09-2007,4.0,4.0,18700,4.150000095367432,4.0,1.8420250415802002
24-09-2007,3.990000009536743,3.990000009536743,16400,4.0,4.0,1.8420250415802002
25-09-2007,3.990000009536743,3.990000009536743,5100,4.0,4.0,1.8420250415802002
26-09-2007,4.0,4.0,0,4.0,4.0,1.8420250415802002
27-09-2007,3.950000047683716,3.950000047683716,22000,4.079999923706055,4.079999923706055,1.8788652420043945
28-09-2007,4.090000152587891,4.090000152587891,2000,4.210000038146973,4.159999847412109,1.9157058000564575
01-10-2007,4.050000190734863,4.159999847412109,4200,4.159999847412109,4.110000133514404,1.892680287361145
02-10-2007,4.010000228881836,4.050000190734863,6400,4.050000190734863,4.050000190734863,1.865050196647644
03-10-2007,4.0,4.010000228881836,12500,4.03000020980835,4.03000020980835,1.8558403253555298
04-10-2007,3.9700000286102295,3.9700000286102295,5800,3.990000009536743,3.9700000286102295,1.8282095193862915
05-10-2007,3.9000000953674316,3.9000000953674316,4900,3.990000009536743,3.9700000286102295,1.8282095193862915
08-10-2007,3.9700000286102295,3.9700000286102295,8500,4.010000228881836,4.0,1.8420250415802002
09-10-2007,4.0,4.039999961853027,1700,4.059999942779541,4.019999980926514,1.8512351512908936
10-10-2007,4.0,4.019999980926514,4300,4.079999923706055,4.0,1.8420250415802002
11-10-2007,4.0,4.090000152587891,8100,4.099999904632568,4.090000152587891,1.8834704160690308
12-10-2007,3.9600000381469727,3.9600000381469727,48600,4.079999923706055,4.0,1.8420250415802002
15-10-2007,3.9700000286102295,3.9700000286102295,3800,4.070000171661377,4.070000171661377,1.8742600679397583
16-10-2007,4.0,4.010000228881836,13000,4.010000228881836,4.010000228881836,1.8466304540634155
17-10-2007,3.9800000190734863,3.990000009536743,32900,4.130000114440918,4.099999904632568,1.888075590133667
18-10-2007,4.0,4.010000228881836,6200,4.269999980926514,4.079999923706055,1.8788652420043945
19-10-2007,4.039999961853027,4.050000190734863,2800,4.050000190734863,4.039999961853027,1.8604450225830078
22-10-2007,3.9600000381469727,3.9600000381469727,52900,4.239999771118164,4.0,1.8420250415802002
23-10-2007,4.0,4.010000228881836,3700,4.010000228881836,4.0,1.8420250415802002
24-10-2007,4.0,4.0,7400,4.0,4.0,1.8420250415802002
25-10-2007,3.9800000190734863,3.9800000190734863,16500,4.019999980926514,4.019999980926514,1.8512351512908936
26-10-2007,3.9600000381469727,3.9700000286102295,800,3.9700000286102295,3.9600000381469727,1.8236042261123657
29-10-2007,3.9200000762939453,3.9600000381469727,12600,3.9800000190734863,3.9700000286102295,1.8282095193862915
30-10-2007,4.0,4.0,16200,4.099999904632568,4.010000228881836,1.8466304540634155
31-10-2007,3.9700000286102295,3.9700000286102295,3700,3.9800000190734863,3.9800000190734863,1.8328145742416382
01-11-2007,4.039999961853027,4.039999961853027,3900,4.050000190734863,4.050000190734863,1.865050196647644
02-11-2007,4.019999980926514,4.019999980926514,2900,4.179999828338623,4.099999904632568,1.888075590133667
05-11-2007,3.9800000190734863,3.990000009536743,17200,4.119999885559082,4.0,1.8420250415802002
06-11-2007,4.050000190734863,4.059999942779541,28400,4.119999885559082,4.050000190734863,1.865050196647644
07-11-2007,3.8499999046325684,3.8499999046325684,78900,4.150000095367432,4.050000190734863,1.865050196647644
08-11-2007,4.039999961853027,4.039999961853027,8500,4.090000152587891,4.050000190734863,1.865050196647644
09-11-2007,4.0,4.039999961853027,7900,4.050000190734863,4.050000190734863,1.865050196647644
12-11-2007,4.050000190734863,4.050000190734863,7800,4.079999923706055,4.070000171661377,1.8742600679397583
13-11-2007,4.0,4.0,15400,4.090000152587891,4.090000152587891,1.8834704160690308
14-11-2007,3.799999952316284,3.799999952316284,45900,4.059999942779541,4.050000190734863,1.865050196647644
15-11-2007,3.940000057220459,4.0,25200,4.050000190734863,3.940000057220459,1.8143950700759888
16-11-2007,3.990000009536743,3.990000009536743,5500,4.03000020980835,4.03000020980835,1.8558403253555298
19-11-2007,3.9600000381469727,4.0,7600,4.0,3.9600000381469727,1.8236042261123657
20-11-2007,3.8499999046325684,3.8499999046325684,18000,3.9700000286102295,3.9200000762939453,1.8051843643188477
21-11-2007,3.9100000858306885,3.9100000858306885,1100,3.9100000858306885,3.9100000858306885,1.80057954788208
23-11-2007,3.9100000858306885,3.9100000858306885,0,3.9100000858306885,3.9100000858306885,1.80057954788208
26-11-2007,3.859999895095825,3.859999895095825,7300,3.890000104904175,3.880000114440918,1.78676438331604
27-11-2007,3.809999942779541,3.890000104904175,4100,3.890000104904175,3.819999933242798,1.7591333389282227
28-11-2007,3.759999990463257,3.809999942779541,17300,3.819999933242798,3.759999990463257,1.7315033674240112
29-11-2007,3.759999990463257,3.759999990463257,3300,3.799999952316284,3.799999952316284,1.749923586845398
30-11-2007,3.809999942779541,3.809999942779541,1200,3.8499999046325684,3.8399999141693115,1.7683442831039429
03-12-2007,3.75,3.809999942779541,20800,3.8499999046325684,3.8399999141693115,1.7683442831039429
04-12-2007,3.759999990463257,3.7699999809265137,1700,3.799999952316284,3.759999990463257,1.7315033674240112
05-12-2007,3.75,3.759999990463257,7200,3.799999952316284,3.7699999809265137,1.7361081838607788
06-12-2007,3.700000047683716,3.799999952316284,16600,3.799999952316284,3.7699999809265137,1.7361081838607788
07-12-2007,3.700000047683716,3.7100000381469727,16800,3.759999990463257,3.75,1.7268985509872437
10-12-2007,3.559999942779541,3.630000114440918,46900,3.75,3.6500000953674316,1.6808478832244873
11-12-2007,3.509999990463257,3.5399999618530273,1400,3.619999885559082,3.619999885559082,1.667032241821289
12-12-2007,3.509999990463257,3.5199999809265137,4100,3.5399999618530273,3.509999990463257,1.6163763999938965
13-12-2007,3.5,3.509999990463257,6000,3.509999990463257,3.5,1.6117722988128662
14-12-2007,3.3499999046325684,3.3499999046325684,7900,3.450000047683716,3.450000047683716,1.588746190071106
17-12-2007,3.4700000286102295,3.569999933242798,1200,3.569999933242798,3.4700000286102295,1.5979565382003784
18-12-2007,3.450000047683716,3.5,99500,3.5,3.450000047683716,1.588746190071106
19-12-2007,3.3499999046325684,3.4600000381469727,12300,3.4600000381469727,3.3499999046325684,1.54269540309906
20-12-2007,3.309999942779541,3.3299999237060547,20700,3.359999895095825,3.3299999237060547,1.5334854125976562
21-12-2007,3.3499999046325684,3.450000047683716,3400,3.4700000286102295,3.3499999046325684,1.54269540309906
24-12-2007,3.309999942779541,3.309999942779541,2000,3.4600000381469727,3.4600000381469727,1.593351125717163
26-12-2007,3.2799999713897705,3.359999895095825,10200,3.450000047683716,3.450000047683716,1.588746190071106
27-12-2007,3.2100000381469727,3.4600000381469727,11400,3.4600000381469727,3.3499999046325684,1.54269540309906
28-12-2007,3.25,3.3499999046325684,9900,3.440000057220459,3.380000114440918,1.5565110445022583
31-12-2007,3.25,3.3299999237060547,37400,3.569999933242798,3.569999933242798,1.6440070867538452
02-01-2008,3.319999933242798,3.6600000858306885,42300,3.75,3.440000057220459,1.584141492843628
03-01-2008,3.430000066757202,3.430000066757202,4200,3.4600000381469727,3.430000066757202,1.5795358419418335
04-01-2008,3.200000047683716,3.4100000858306885,18900,3.7899999618530273,3.200000047683716,1.473620057106018
07-01-2008,3.130000114440918,3.140000104904175,6100,3.380000114440918,3.299999952316284,1.519670009613037
08-01-2008,3.059999942779541,3.059999942779541,3400,3.25,3.25,1.496645212173462
09-01-2008,3.0799999237060547,3.0799999237060547,14100,3.5,3.3499999046325684,1.54269540309906
10-01-2008,3.380000114440918,3.4000000953674316,16500,3.450000047683716,3.450000047683716,1.588746190071106
11-01-2008,3.309999942779541,3.390000104904175,3500,3.700000047683716,3.690000057220459,1.6992679834365845
14-01-2008,3.2899999618530273,3.369999885559082,12400,3.509999990463257,3.5,1.6117722988128662
15-01-2008,3.2799999713897705,3.2799999713897705,12000,3.559999942779541,3.4000000953674316,1.5657212734222412
16-01-2008,3.3399999141693115,3.3499999046325684,34800,3.4000000953674316,3.380000114440918,1.5565110445022583
17-01-2008,2.509999990463257,3.1700000762939453,42600,3.3499999046325684,3.3499999046325684,1.54269540309906
18-01-2008,3.2699999809265137,3.3499999046325684,3900,3.3499999046325684,3.2699999809265137,1.5058552026748657
22-01-2008,2.799999952316284,2.799999952316284,8400,3.190000057220459,3.119999885559082,1.436779499053955
23-01-2008,3.0799999237060547,3.0899999141693115,7900,3.2100000381469727,3.200000047683716,1.473620057106018
24-01-2008,2.940000057220459,3.190000057220459,24800,3.2699999809265137,3.25,1.496645212173462
25-01-2008,3.190000057220459,3.200000047683716,14900,3.259999990463257,3.259999990463257,1.50124990940094
28-01-2008,3.259999990463257,3.2699999809265137,700,3.2699999809265137,3.259999990463257,1.50124990940094
29-01-2008,3.3499999046325684,3.3499999046325684,1200,3.3499999046325684,3.3499999046325684,1.54269540309906
30-01-2008,3.319999933242798,3.3299999237060547,10100,3.390000104904175,3.390000104904175,1.5611157417297363
31-01-2008,3.319999933242798,3.319999933242798,22000,3.690000057220459,3.630000114440918,1.6716376543045044
01-02-2008,3.3499999046325684,3.430000066757202,28600,3.509999990463257,3.3499999046325684,1.54269540309906
04-02-2008,3.3499999046325684,3.3499999046325684,8800,3.369999885559082,3.3499999046325684,1.54269540309906
05-02-2008,3.3499999046325684,3.3499999046325684,20000,3.369999885559082,3.3499999046325684,1.54269540309906
06-02-2008,3.3499999046325684,3.4100000858306885,4200,3.430000066757202,3.3499999046325684,1.54269540309906
07-02-2008,3.259999990463257,3.390000104904175,6400,3.390000104904175,3.3499999046325684,1.54269540309906
08-02-2008,3.0999999046325684,3.259999990463257,11500,3.309999942779541,3.2799999713897705,1.5104607343673706
11-02-2008,3.1700000762939453,3.180000066757202,7000,3.2799999713897705,3.259999990463257,1.50124990940094
12-02-2008,3.200000047683716,3.390000104904175,6700,3.390000104904175,3.369999885559082,1.5519059896469116
13-02-2008,3.490000009536743,3.619999885559082,139800,3.75,3.75,1.7268985509872437
14-02-2008,3.6500000953674316,3.75,22400,3.75,3.6500000953674316,1.6808478832244873
15-02-2008,3.5999999046325684,3.5999999046325684,15000,3.680000066757202,3.6500000953674316,1.6808478832244873
19-02-2008,3.4800000190734863,3.4800000190734863,15500,3.7300000190734863,3.680000066757202,1.6946625709533691
20-02-2008,3.4800000190734863,3.5,5000,3.509999990463257,3.4800000190734863,1.602561116218567
21-02-2008,3.4700000286102295,3.4700000286102295,2500,3.559999942779541,3.5299999713897705,1.625586748123169
22-02-2008,3.450000047683716,3.5,6100,3.640000104904175,3.450000047683716,1.588746190071106
25-02-2008,3.5299999713897705,3.5299999713897705,18600,3.7200000286102295,3.7100000381469727,1.7084779739379883
26-02-2008,3.5999999046325684,3.609999895095825,9800,3.680000066757202,3.680000066757202,1.6946625709533691
27-02-2008,3.5899999141693115,3.5899999141693115,1400,3.700000047683716,3.700000047683716,1.7038735151290894
28-02-2008,3.569999933242798,3.609999895095825,11400,3.700000047683716,3.700000047683716,1.7038735151290894
29-02-2008,3.640000104904175,3.640000104904175,17000,3.7200000286102295,3.7200000286102295,1.713083267211914
03-03-2008,3.5299999713897705,3.7200000286102295,145500,5.369999885559082,3.5999999046325684,1.6578220129013062
04-03-2008,3.450000047683716,3.700000047683716,54800,3.869999885559082,3.450000047683716,1.588746190071106
05-03-2008,3.1700000762939453,3.509999990463257,25500,3.509999990463257,3.390000104904175,1.5611157417297363
06-03-2008,3.2100000381469727,3.2899999618530273,14400,3.8299999237060547,3.690000057220459,1.6992679834365845
07-03-2008,3.5999999046325684,3.6500000953674316,9200,3.700000047683716,3.700000047683716,1.7038735151290894
10-03-2008,3.3499999046325684,3.700000047683716,8600,3.9200000762939453,3.9000000953674316,1.7959736585617065
11-03-2008,3.619999885559082,3.8299999237060547,8000,3.9000000953674316,3.819999933242798,1.7591333389282227
12-03-2008,3.559999942779541,3.75,10000,3.869999885559082,3.759999990463257,1.7315033674240112
13-03-2008,3.4000000953674316,3.4100000858306885,1200,3.430000066757202,3.4000000953674316,1.5657212734222412
14-03-2008,3.359999895095825,3.440000057220459,5900,3.5999999046325684,3.5799999237060547,1.6486122608184814
17-03-2008,3.5799999237060547,3.5799999237060547,0,3.5799999237060547,3.5799999237060547,1.6486122608184814
18-03-2008,3.390000104904175,3.4100000858306885,4200,3.4100000858306885,3.4100000858306885,1.5703262090682983
19-03-2008,3.4000000953674316,3.4100000858306885,5300,3.5199999809265137,3.4000000953674316,1.5657212734222412
20-03-2008,3.4200000762939453,3.509999990463257,6500,3.509999990463257,3.430000066757202,1.5795358419418335
24-03-2008,3.5199999809265137,3.549999952316284,8500,3.680000066757202,3.5199999809265137,1.6209815740585327
25-03-2008,3.4600000381469727,3.4600000381469727,9300,3.630000114440918,3.5,1.6117722988128662
26-03-2008,3.5399999618530273,3.5799999237060547,200,3.5799999237060547,3.5399999618530273,1.6301920413970947
27-03-2008,3.309999942779541,3.430000066757202,10400,3.4800000190734863,3.3499999046325684,1.54269540309906
28-03-2008,3.6700000762939453,3.690000057220459,4400,3.690000057220459,3.6700000762939453,1.6900577545166016
31-03-2008,3.3299999237060547,3.359999895095825,7300,3.6500000953674316,3.5199999809265137,1.6209815740585327
01-04-2008,3.6500000953674316,3.6500000953674316,2900,3.6600000858306885,3.6600000858306885,1.6854528188705444
02-04-2008,3.6600000858306885,3.6600000858306885,0,3.6600000858306885,3.6600000858306885,1.6854528188705444
03-04-2008,3.359999895095825,3.359999895095825,2400,3.490000009536743,3.359999895095825,1.5473005771636963
04-04-2008,3.359999895095825,3.359999895095825,700,3.4100000858306885,3.359999895095825,1.5473005771636963
07-04-2008,3.390000104904175,3.690000057220459,3700,3.690000057220459,3.5299999713897705,1.625586748123169
08-04-2008,3.359999895095825,3.359999895095825,200,3.359999895095825,3.359999895095825,1.5473005771636963
09-04-2008,3.3399999141693115,3.5199999809265137,2600,3.5399999618530273,3.3399999141693115,1.5380905866622925
10-04-2008,3.2300000190734863,3.5299999713897705,4500,3.5299999713897705,3.2300000190734863,1.4874348640441895
11-04-2008,3.4000000953674316,3.5299999713897705,11000,3.5299999713897705,3.490000009536743,1.6071667671203613
14-04-2008,3.1700000762939453,3.5399999618530273,5000,3.640000104904175,3.559999942779541,1.6394017934799194
15-04-2008,3.630000114440918,3.630000114440918,2200,3.640000104904175,3.640000104904175,1.6762419939041138
16-04-2008,3.3499999046325684,3.640000104904175,3800,3.640000104904175,3.3499999046325684,1.54269540309906
17-04-2008,3.2100000381469727,3.5,2700,3.569999933242798,3.440000057220459,1.584141492843628
18-04-2008,3.1700000762939453,3.4600000381469727,8400,3.5799999237060547,3.390000104904175,1.5611157417297363
21-04-2008,3.390000104904175,3.390000104904175,3500,3.609999895095825,3.609999895095825,1.662427306175232
22-04-2008,3.259999990463257,3.299999952316284,2000,3.619999885559082,3.3399999141693115,1.5380905866622925
23-04-2008,3.390000104904175,3.4200000762939453,36200,3.609999895095825,3.609999895095825,1.662427306175232
24-04-2008,3.569999933242798,3.5799999237060547,900,3.5799999237060547,3.569999933242798,1.6440070867538452
25-04-2008,3.569999933242798,3.569999933242798,0,3.569999933242798,3.569999933242798,1.6440070867538452
28-04-2008,3.2799999713897705,3.359999895095825,3900,3.4100000858306885,3.4000000953674316,1.5657212734222412
29-04-2008,3.259999990463257,3.549999952316284,2100,3.549999952316284,3.440000057220459,1.584141492843628
30-04-2008,3.440000057220459,3.440000057220459,0,3.440000057220459,3.440000057220459,1.584141492843628
01-05-2008,3.390000104904175,3.390000104904175,4400,3.5799999237060547,3.5799999237060547,1.6486122608184814
02-05-2008,3.5399999618530273,3.5399999618530273,700,3.549999952316284,3.549999952316284,1.6347968578338623
05-05-2008,3.4100000858306885,3.5199999809265137,200,3.5199999809265137,3.4100000858306885,1.5703262090682983
06-05-2008,3.380000114440918,3.4100000858306885,12600,3.450000047683716,3.4000000953674316,1.5657212734222412
07-05-2008,3.4000000953674316,3.4000000953674316,0,3.4000000953674316,3.4000000953674316,1.5657212734222412
08-05-2008,3.5,3.5199999809265137,127300,3.5199999809265137,3.5199999809265137,1.6209815740585327
09-05-2008,3.5399999618530273,3.5399999618530273,3700,3.5799999237060547,3.5799999237060547,1.6486122608184814
12-05-2008,3.4000000953674316,3.5799999237060547,90300,3.5799999237060547,3.569999933242798,1.6440070867538452
13-05-2008,3.569999933242798,3.569999933242798,0,3.569999933242798,3.569999933242798,1.6440070867538452
14-05-2008,3.369999885559082,3.369999885559082,10900,3.5799999237060547,3.5,1.6117722988128662
15-05-2008,3.4600000381469727,3.490000009536743,500,3.490000009536743,3.4600000381469727,1.593351125717163
16-05-2008,3.450000047683716,3.450000047683716,59300,3.549999952316284,3.5,1.6117722988128662
19-05-2008,3.5199999809265137,3.5199999809265137,4200,3.5199999809265137,3.5199999809265137,1.6209815740585327
20-05-2008,3.509999990463257,3.509999990463257,1600,3.5199999809265137,3.5199999809265137,1.6209815740585327
21-05-2008,3.509999990463257,3.509999990463257,10100,3.549999952316284,3.549999952316284,1.6347968578338623
22-05-2008,3.5399999618530273,3.5399999618530273,4800,3.549999952316284,3.549999952316284,1.6347968578338623
23-05-2008,3.4200000762939453,3.4200000762939453,1600,3.4700000286102295,3.4700000286102295,1.5979565382003784
27-05-2008,3.5,3.5,37600,3.5399999618530273,3.5,1.6117722988128662
28-05-2008,3.4700000286102295,3.549999952316284,4800,3.549999952316284,3.4700000286102295,1.5979565382003784
29-05-2008,3.5399999618530273,3.5399999618530273,16400,3.640000104904175,3.630000114440918,1.6716376543045044
30-05-2008,3.700000047683716,3.700000047683716,8700,3.880000114440918,3.799999952316284,1.749923586845398
02-06-2008,3.799999952316284,3.799999952316284,0,3.799999952316284,3.799999952316284,1.749923586845398
03-06-2008,3.4200000762939453,3.5399999618530273,75000,3.5999999046325684,3.4200000762939453,1.5749307870864868
04-06-2008,3.559999942779541,3.559999942779541,10000,3.9700000286102295,3.950000047683716,1.8189990520477295
05-06-2008,3.950000047683716,3.9700000286102295,4500,3.9700000286102295,3.950000047683716,1.8189990520477295
06-06-2008,3.4800000190734863,3.4800000190734863,4000,3.680000066757202,3.680000066757202,1.6946625709533691
09-06-2008,3.4600000381469727,3.4700000286102295,4200,3.5,3.4600000381469727,1.593351125717163
10-06-2008,3.5799999237060547,3.5899999141693115,1600,3.5899999141693115,3.5799999237060547,1.6486122608184814
11-06-2008,3.7699999809265137,3.7699999809265137,12000,4.0,3.7699999809265137,1.7361081838607788
12-06-2008,3.8299999237060547,3.8299999237060547,11700,4.050000190734863,4.03000020980835,1.8558403253555298
13-06-2008,4.0,4.079999923706055,48600,4.090000152587891,4.0,1.8420250415802002
16-06-2008,3.9800000190734863,4.010000228881836,400,4.010000228881836,3.9800000190734863,1.8328145742416382
17-06-2008,3.9800000190734863,3.9800000190734863,0,3.9800000190734863,3.9800000190734863,1.8328145742416382
18-06-2008,3.930000066757202,3.9700000286102295,9400,4.079999923706055,3.930000066757202,1.8097890615463257
19-06-2008,3.9100000858306885,3.9200000762939453,9700,4.079999923706055,4.079999923706055,1.8788652420043945
20-06-2008,3.950000047683716,3.950000047683716,2800,4.039999961853027,4.039999961853027,1.8604450225830078
23-06-2008,4.039999961853027,4.039999961853027,0,4.039999961853027,4.039999961853027,1.8604450225830078
24-06-2008,3.9000000953674316,3.9100000858306885,12100,3.9100000858306885,3.9000000953674316,1.7959736585617065
25-06-2008,3.5999999046325684,3.9100000858306885,9600,3.9100000858306885,3.859999895095825,1.7775534391403198
26-06-2008,3.9000000953674316,3.9100000858306885,1100,3.9200000762939453,3.9000000953674316,1.7959736585617065
27-06-2008,3.5999999046325684,3.5999999046325684,10100,3.759999990463257,3.619999885559082,1.667032241821289
30-06-2008,3.5899999141693115,3.5899999141693115,700,3.7300000190734863,3.619999885559082,1.667032241821289
01-07-2008,3.859999895095825,3.859999895095825,200,3.859999895095825,3.859999895095825,1.7775534391403198
02-07-2008,3.5799999237060547,3.759999990463257,2300,3.759999990463257,3.690000057220459,1.6992679834365845
03-07-2008,3.609999895095825,3.690000057220459,3700,3.740000009536743,3.609999895095825,1.662427306175232
07-07-2008,3.559999942779541,3.5799999237060547,13200,3.5999999046325684,3.5999999046325684,1.6578220129013062
08-07-2008,3.5999999046325684,3.5999999046325684,3600,3.5999999046325684,3.5999999046325684,1.6578220129013062
09-07-2008,3.4600000381469727,3.4700000286102295,6200,3.5999999046325684,3.5899999141693115,1.653217077255249
10-07-2008,3.5899999141693115,3.5899999141693115,0,3.5899999141693115,3.5899999141693115,1.653217077255249
11-07-2008,3.4600000381469727,3.4600000381469727,100,3.4600000381469727,3.4600000381469727,1.593351125717163
14-07-2008,3.4600000381469727,3.4600000381469727,0,3.4600000381469727,3.4600000381469727,1.593351125717163
15-07-2008,3.4600000381469727,3.4600000381469727,0,3.4600000381469727,3.4600000381469727,1.593351125717163
16-07-2008,3.4000000953674316,3.4000000953674316,4200,3.509999990463257,3.5,1.6117722988128662
17-07-2008,3.4000000953674316,3.4000000953674316,600,3.4000000953674316,3.4000000953674316,1.5657212734222412
18-07-2008,3.4000000953674316,3.4600000381469727,1600,3.4600000381469727,3.4000000953674316,1.5657212734222412
21-07-2008,3.4000000953674316,3.4000000953674316,0,3.4000000953674316,3.4000000953674316,1.5657212734222412
22-07-2008,3.380000114440918,3.380000114440918,2600,3.380000114440918,3.380000114440918,1.5565110445022583
23-07-2008,3.390000104904175,3.4000000953674316,3100,3.5999999046325684,3.5999999046325684,1.6578220129013062
24-07-2008,3.5999999046325684,3.5999999046325684,0,3.5999999046325684,3.5999999046325684,1.6578220129013062
25-07-2008,3.5999999046325684,3.5999999046325684,0,3.5999999046325684,3.5999999046325684,1.6578220129013062
28-07-2008,3.4700000286102295,3.4700000286102295,5400,3.559999942779541,3.5,1.6117722988128662
29-07-2008,3.390000104904175,3.4000000953674316,700,3.490000009536743,3.490000009536743,1.6071667671203613
30-07-2008,3.490000009536743,3.490000009536743,0,3.490000009536743,3.490000009536743,1.6071667671203613
31-07-2008,3.5899999141693115,3.5999999046325684,700,3.5999999046325684,3.5999999046325684,1.6578220129013062
01-08-2008,3.5999999046325684,3.5999999046325684,0,3.5999999046325684,3.5999999046325684,1.6578220129013062
04-08-2008,3.5999999046325684,3.5999999046325684,0,3.5999999046325684,3.5999999046325684,1.6578220129013062
05-08-2008,3.7200000286102295,3.7200000286102295,200,3.740000009536743,3.740000009536743,1.7222930192947388
06-08-2008,3.740000009536743,3.75,2600,3.75,3.740000009536743,1.7222930192947388
07-08-2008,3.740000009536743,3.740000009536743,3400,3.9700000286102295,3.880000114440918,1.78676438331604
08-08-2008,3.880000114440918,3.9700000286102295,2200,3.9700000286102295,3.880000114440918,1.78676438331604
11-08-2008,3.9700000286102295,3.9700000286102295,1700,3.9700000286102295,3.9700000286102295,1.8282095193862915
12-08-2008,3.549999952316284,3.819999933242798,13600,4.0,3.869999885559082,1.7821589708328247
13-08-2008,3.75,3.9000000953674316,14400,3.9000000953674316,3.75,1.7268985509872437
14-08-2008,3.4100000858306885,3.4100000858306885,1200,3.4100000858306885,3.4100000858306885,1.5703262090682983
15-08-2008,3.509999990463257,3.5399999618530273,3200,3.75,3.5799999237060547,1.6486122608184814
18-08-2008,3.509999990463257,3.5199999809265137,5500,3.5999999046325684,3.5999999046325684,1.6578220129013062
19-08-2008,3.4200000762939453,3.4200000762939453,2300,3.5899999141693115,3.5899999141693115,1.653217077255249
20-08-2008,3.440000057220459,3.440000057220459,5500,3.5199999809265137,3.5199999809265137,1.6209815740585327
21-08-2008,3.5199999809265137,3.5199999809265137,0,3.5199999809265137,3.5199999809265137,1.6209815740585327
22-08-2008,3.4200000762939453,3.430000066757202,200,3.430000066757202,3.4200000762939453,1.5749307870864868
25-08-2008,3.4100000858306885,3.4200000762939453,1600,3.4200000762939453,3.4200000762939453,1.5749307870864868
26-08-2008,3.4200000762939453,3.4200000762939453,0,3.4200000762939453,3.4200000762939453,1.5749307870864868
27-08-2008,3.4100000858306885,3.4200000762939453,2300,3.509999990463257,3.4100000858306885,1.5703262090682983
28-08-2008,3.4100000858306885,3.4100000858306885,2800,3.5,3.5,1.6117722988128662
29-08-2008,3.4600000381469727,3.5999999046325684,7000,3.9000000953674316,3.700000047683716,1.7038735151290894
02-09-2008,3.700000047683716,3.700000047683716,0,3.700000047683716,3.700000047683716,1.7038735151290894
03-09-2008,3.700000047683716,3.700000047683716,0,3.700000047683716,3.700000047683716,1.7038735151290894
04-09-2008,3.4200000762939453,3.4200000762939453,3200,3.509999990463257,3.509999990463257,1.6163763999938965
05-09-2008,3.4200000762939453,3.430000066757202,900,3.430000066757202,3.4200000762939453,1.5749307870864868
08-09-2008,3.4100000858306885,3.4100000858306885,1500,3.4800000190734863,3.4700000286102295,1.5979565382003784
09-09-2008,3.4700000286102295,3.4700000286102295,0,3.4700000286102295,3.4700000286102295,1.5979565382003784
10-09-2008,3.4700000286102295,3.4700000286102295,0,3.4700000286102295,3.4700000286102295,1.5979565382003784
11-09-2008,3.4700000286102295,3.4700000286102295,0,3.4700000286102295,3.4700000286102295,1.5979565382003784
12-09-2008,3.4000000953674316,3.4000000953674316,1000,3.4000000953674316,3.4000000953674316,1.5657212734222412
15-09-2008,3.4000000953674316,3.430000066757202,300,3.430000066757202,3.4000000953674316,1.5657212734222412
16-09-2008,3.4000000953674316,3.4000000953674316,0,3.4000000953674316,3.4000000953674316,1.5657212734222412
17-09-2008,3.25,3.450000047683716,9100,3.450000047683716,3.2899999618530273,1.5150654315948486
18-09-2008,3.1500000953674316,3.1500000953674316,11900,3.4200000762939453,3.319999933242798,1.5288804769515991
19-09-2008,3.25,3.2699999809265137,11400,3.7100000381469727,3.7100000381469727,1.7084779739379883
22-09-2008,3.7100000381469727,3.7100000381469727,0,3.7100000381469727,3.7100000381469727,1.7084779739379883
23-09-2008,3.3299999237060547,3.3299999237060547,2100,3.6600000858306885,3.6600000858306885,1.6854528188705444
24-09-2008,3.3299999237060547,3.3299999237060547,2100,3.4100000858306885,3.4100000858306885,1.5703262090682983
25-09-2008,3.4100000858306885,3.4100000858306885,0,3.4100000858306885,3.4100000858306885,1.5703262090682983
26-09-2008,3.0,3.0399999618530273,2300,3.309999942779541,3.309999942779541,1.524275541305542
29-09-2008,3.3499999046325684,3.3499999046325684,300,3.3499999046325684,3.3499999046325684,1.54269540309906
30-09-2008,3.3499999046325684,3.3499999046325684,0,3.3499999046325684,3.3499999046325684,1.54269540309906
01-10-2008,3.3499999046325684,3.3499999046325684,0,3.3499999046325684,3.3499999046325684,1.54269540309906
02-10-2008,3.3499999046325684,3.3499999046325684,0,3.3499999046325684,3.3499999046325684,1.54269540309906
03-10-2008,3.0799999237060547,3.25,3200,3.25,3.2100000381469727,1.478224754333496
06-10-2008,3.009999990463257,3.059999942779541,6100,3.299999952316284,3.2899999618530273,1.5150654315948486
07-10-2008,2.75,3.0199999809265137,23100,3.0199999809265137,2.950000047683716,1.3584929704666138
08-10-2008,2.9600000381469727,2.990000009536743,2800,3.0,2.9600000381469727,1.36309814453125
09-10-2008,2.9600000381469727,2.9600000381469727,3600,2.9600000381469727,2.9600000381469727,1.36309814453125
10-10-2008,2.549999952316284,2.9100000858306885,23100,2.9100000858306885,2.75,1.2663922309875488
13-10-2008,2.75,2.75,0,2.75,2.75,1.2663922309875488
14-10-2008,2.6500000953674316,2.9100000858306885,150900,2.9100000858306885,2.6500000953674316,1.2203412055969238
15-10-2008,2.6500000953674316,2.6500000953674316,0,2.6500000953674316,2.6500000953674316,1.2203412055969238
16-10-2008,2.6500000953674316,2.6500000953674316,0,2.6500000953674316,2.6500000953674316,1.2203412055969238
17-10-2008,2.6500000953674316,2.9200000762939453,4900,2.9200000762939453,2.6500000953674316,1.2203412055969238
20-10-2008,2.9000000953674316,2.9000000953674316,2500,2.9200000762939453,2.9000000953674316,1.3354675769805908
21-10-2008,2.9000000953674316,2.9000000953674316,0,2.9000000953674316,2.9000000953674316,1.3354675769805908
22-10-2008,2.8499999046325684,2.8499999046325684,500,2.8499999046325684,2.8499999046325684,1.3124425411224365
23-10-2008,2.8499999046325684,2.8499999046325684,0,2.8499999046325684,2.8499999046325684,1.3124425411224365
24-10-2008,2.0,2.4600000381469727,43400,2.8399999141693115,2.75,1.2663922309875488
27-10-2008,2.380000114440918,2.380000114440918,300,2.5799999237060547,2.5799999237060547,1.1881057024002075
28-10-2008,2.5999999046325684,2.5999999046325684,4100,2.5999999046325684,2.5999999046325684,1.1973164081573486
29-10-2008,2.5899999141693115,2.619999885559082,600,2.619999885559082,2.5899999141693115,1.1927108764648438
30-10-2008,2.299999952316284,2.6500000953674316,6400,2.7899999618530273,2.509999990463257,1.1558703184127808
31-10-2008,2.5199999809265137,2.5199999809265137,7100,2.740000009536743,2.6600000858306885,1.22494637966156
03-11-2008,2.309999942779541,2.890000104904175,112000,2.890000104904175,2.6500000953674316,1.2203412055969238
04-11-2008,2.609999895095825,2.609999895095825,200,2.609999895095825,2.609999895095825,1.2019208669662476
05-11-2008,2.880000114440918,3.0,4100,3.0,2.9000000953674316,1.3354675769805908
06-11-2008,2.4200000762939453,2.9000000953674316,3600,2.9000000953674316,2.890000104904175,1.3308628797531128
07-11-2008,2.890000104904175,2.890000104904175,0,2.890000104904175,2.890000104904175,1.3308628797531128
10-11-2008,2.890000104904175,2.890000104904175,0,2.890000104904175,2.890000104904175,1.3308628797531128
11-11-2008,2.890000104904175,2.890000104904175,0,2.890000104904175,2.890000104904175,1.3308628797531128
12-11-2008,3.0,3.0,4000,3.0,3.0,1.3815187215805054
13-11-2008,2.549999952316284,2.559999942779541,15500,2.7899999618530273,2.7899999618530273,1.284812092781067
14-11-2008,2.7899999618530273,2.7899999618530273,0,2.7899999618530273,2.7899999618530273,1.284812092781067
17-11-2008,2.5399999618530273,2.700000047683716,3700,2.700000047683716,2.5999999046325684,1.1973164081573486
18-11-2008,2.450000047683716,2.5299999713897705,3900,2.5299999713897705,2.4700000286102295,1.1374504566192627
19-11-2008,2.4700000286102295,2.4700000286102295,0,2.4700000286102295,2.4700000286102295,1.1374504566192627
20-11-2008,2.2799999713897705,2.2899999618530273,8600,2.609999895095825,2.4000000953674316,1.1052147150039673
21-11-2008,2.2899999618530273,2.2899999618530273,1400,2.440000057220459,2.440000057220459,1.1236352920532227
24-11-2008,2.430000066757202,2.430000066757202,1700,2.450000047683716,2.450000047683716,1.128239631652832
25-11-2008,2.450000047683716,2.450000047683716,0,2.450000047683716,2.450000047683716,1.128239631652832
26-11-2008,2.450000047683716,2.450000047683716,0,2.450000047683716,2.450000047683716,1.128239631652832
28-11-2008,2.2799999713897705,2.319999933242798,1900,2.319999933242798,2.2799999713897705,1.0499540567398071
01-12-2008,2.0999999046325684,2.299999952316284,15200,2.7300000190734863,2.1500000953674316,0.9900884032249451
02-12-2008,2.0999999046325684,2.1500000953674316,89800,3.0,2.75,1.2663922309875488
03-12-2008,2.1500000953674316,2.75,5400,3.0,2.1500000953674316,0.9900884032249451
04-12-2008,2.1500000953674316,2.1500000953674316,0,2.1500000953674316,2.1500000953674316,0.9900884032249451
05-12-2008,2.380000114440918,2.380000114440918,100,2.380000114440918,2.380000114440918,1.0960047245025635
08-12-2008,2.2899999618530273,2.5,4800,2.5,2.359999895095825,1.086794137954712
09-12-2008,2.2899999618530273,2.2899999618530273,2400,2.299999952316284,2.299999952316284,1.0591641664505005
10-12-2008,2.25,2.299999952316284,12900,2.309999942779541,2.259999990463257,1.0407441854476929
11-12-2008,2.259999990463257,2.259999990463257,1000,2.259999990463257,2.259999990463257,1.0407441854476929
12-12-2008,2.359999895095825,2.359999895095825,600,2.630000114440918,2.5999999046325684,1.1973164081573486
15-12-2008,2.5999999046325684,2.5999999046325684,0,2.5999999046325684,2.5999999046325684,1.1973164081573486
16-12-2008,2.4600000381469727,2.700000047683716,500,2.700000047683716,2.700000047683716,1.2433662414550781
17-12-2008,2.700000047683716,2.700000047683716,400,2.700000047683716,2.700000047683716,1.2433662414550781
18-12-2008,2.319999933242798,2.690000057220459,1500,2.690000057220459,2.319999933242798,1.0683740377426147
19-12-2008,2.200000047683716,2.200000047683716,300,2.200000047683716,2.200000047683716,1.0131136178970337
22-12-2008,2.359999895095825,2.390000104904175,1200,2.390000104904175,2.359999895095825,1.086794137954712
23-12-2008,2.630000114440918,2.630000114440918,200,2.630000114440918,2.630000114440918,1.2111316919326782
24-12-2008,2.630000114440918,2.630000114440918,0,2.630000114440918,2.630000114440918,1.2111316919326782
26-12-2008,2.630000114440918,2.630000114440918,0,2.630000114440918,2.630000114440918,1.2111316919326782
29-12-2008,2.630000114440918,2.630000114440918,0,2.630000114440918,2.630000114440918,1.2111316919326782
30-12-2008,2.630000114440918,2.630000114440918,0,2.630000114440918,2.630000114440918,1.2111316919326782
31-12-2008,2.119999885559082,2.180000066757202,3500,2.3499999046325684,2.119999885559082,0.976273238658905
02-01-2009,2.2699999809265137,2.3399999141693115,1500,2.5799999237060547,2.549999952316284,1.1742908954620361
05-01-2009,2.1700000762939453,2.1700000762939453,1300,2.6500000953674316,2.6500000953674316,1.2203412055969238
06-01-2009,2.309999942779541,2.640000104904175,4600,2.6500000953674316,2.319999933242798,1.0683740377426147
07-01-2009,2.319999933242798,2.319999933242798,1800,2.509999990463257,2.319999933242798,1.0683740377426147
08-01-2009,2.25,2.25,7600,2.309999942779541,2.309999942779541,1.0637691020965576
09-01-2009,2.259999990463257,2.309999942779541,5800,2.309999942779541,2.2699999809265137,1.0453490018844604
12-01-2009,2.2799999713897705,2.2799999713897705,600,2.2799999713897705,2.2799999713897705,1.0499540567398071
13-01-2009,2.25,2.2699999809265137,200,2.2699999809265137,2.25,1.0361384153366089
14-01-2009,2.25,2.25,0,2.25,2.25,1.0361384153366089
15-01-2009,2.259999990463257,2.2699999809265137,8100,2.2799999713897705,2.2799999713897705,1.0499540567398071
16-01-2009,2.25,2.2699999809265137,4200,2.2799999713897705,2.25,1.0361384153366089
20-01-2009,2.25,2.380000114440918,600,2.380000114440918,2.25,1.0361384153366089
21-01-2009,2.25,2.25,0,2.25,2.25,1.0361384153366089
22-01-2009,2.25,2.25,0,2.25,2.25,1.0361384153366089
23-01-2009,2.5,2.5,100,2.5,2.5,1.1512655019760132
26-01-2009,2.490000009536743,2.490000009536743,600,2.5899999141693115,2.5899999141693115,1.1927108764648438
27-01-2009,2.5199999809265137,2.5199999809265137,200,2.5199999809265137,2.5199999809265137,1.160475730895996
28-01-2009,2.200000047683716,2.2799999713897705,600,2.2799999713897705,2.2300000190734863,1.0269291400909424
29-01-2009,2.190000057220459,2.2200000286102295,13300,2.2200000286102295,2.200000047683716,1.0131136178970337
30-01-2009,2.109999895095825,2.2100000381469727,4800,2.2100000381469727,2.109999895095825,0.9716677665710449
02-02-2009,2.109999895095825,2.109999895095825,0,2.109999895095825,2.109999895095825,0.9716677665710449
03-02-2009,2.390000104904175,2.390000104904175,300,2.390000104904175,2.390000104904175,1.1006097793579102
04-02-2009,2.390000104904175,2.390000104904175,0,2.390000104904175,2.390000104904175,1.1006097793579102
05-02-2009,2.109999895095825,2.109999895095825,200,2.109999895095825,2.109999895095825,0.9716677665710449
06-02-2009,2.109999895095825,2.109999895095825,0,2.109999895095825,2.109999895095825,0.9716677665710449
09-02-2009,1.840000033378601,2.059999942779541,19600,2.059999942779541,2.049999952316284,0.9440377950668335
10-02-2009,2.0,2.009999990463257,30100,2.009999990463257,2.0,0.9210125207901001
11-02-2009,1.899999976158142,2.190000057220459,47100,2.190000057220459,1.899999976158142,0.874961793422699
12-02-2009,1.8600000143051147,1.9600000381469727,9800,1.9600000381469727,1.909999966621399,0.8795666694641113
13-02-2009,1.7999999523162842,2.0,55200,2.0,1.899999976158142,0.874961793422699
17-02-2009,1.5499999523162842,1.75,3000,1.9299999475479126,1.9299999475479126,0.8887767195701599
18-02-2009,1.7000000476837158,1.7000000476837158,2800,1.8200000524520874,1.7699999809265137,0.8150960206985474
19-02-2009,1.899999976158142,1.899999976158142,1700,1.899999976158142,1.899999976158142,0.874961793422699
20-02-2009,1.899999976158142,1.940000057220459,1200,1.940000057220459,1.899999976158142,0.874961793422699
23-02-2009,1.899999976158142,1.899999976158142,0,1.899999976158142,1.899999976158142,0.874961793422699
24-02-2009,2.3399999141693115,2.3399999141693115,1000,2.3399999141693115,2.3399999141693115,1.0775845050811768
25-02-2009,1.9500000476837158,1.9500000476837158,300,1.9500000476837158,1.9500000476837158,0.8979868292808533
26-02-2009,1.809999942779541,1.809999942779541,1500,2.25,2.25,1.0361384153366089
27-02-2009,2.25,2.25,0,2.25,2.25,1.0361384153366089
02-03-2009,1.75,2.240000009536743,4800,2.25,2.25,1.0361384153366089
03-03-2009,2.0,2.0,2000,2.0,2.0,0.9210125207901001
04-03-2009,2.0,2.0,0,2.0,2.0,0.9210125207901001
05-03-2009,2.0,2.0,0,2.0,2.0,0.9210125207901001
06-03-2009,1.899999976158142,1.899999976158142,3000,1.899999976158142,1.899999976158142,0.874961793422699
09-03-2009,1.9199999570846558,1.9199999570846558,100,1.9199999570846558,1.9199999570846558,0.8841721415519714
10-03-2009,1.7999999523162842,1.7999999523162842,4000,2.240000009536743,2.0999999046325684,0.9670629501342773
11-03-2009,1.809999942779541,1.809999942779541,200,1.809999942779541,1.809999942779541,0.8335161209106445
12-03-2009,1.809999942779541,1.809999942779541,0,1.809999942779541,1.809999942779541,0.8335161209106445
13-03-2009,1.809999942779541,1.809999942779541,0,1.809999942779541,1.809999942779541,0.8335161209106445
16-03-2009,1.8600000143051147,1.8600000143051147,200,2.059999942779541,2.059999942779541,0.9486425518989563
17-03-2009,2.059999942779541,2.059999942779541,0,2.059999942779541,2.059999942779541,0.9486425518989563
18-03-2009,2.059999942779541,2.059999942779541,0,2.059999942779541,2.059999942779541,0.9486425518989563
19-03-2009,1.809999942779541,1.8600000143051147,400,1.8600000143051147,1.809999942779541,0.8335161209106445
20-03-2009,1.909999966621399,1.909999966621399,500,2.200000047683716,2.200000047683716,1.0131136178970337
23-03-2009,2.200000047683716,2.200000047683716,0,2.200000047683716,2.200000047683716,1.0131136178970337
24-03-2009,1.9299999475479126,1.9299999475479126,200,1.9299999475479126,1.9299999475479126,0.8887767195701599
25-03-2009,1.9299999475479126,1.9299999475479126,0,1.9299999475479126,1.9299999475479126,0.8887767195701599
26-03-2009,1.8600000143051147,1.940000057220459,800,2.119999885559082,2.119999885559082,0.976273238658905
27-03-2009,2.119999885559082,2.119999885559082,0,2.119999885559082,2.119999885559082,0.976273238658905
30-03-2009,1.8600000143051147,1.8799999952316284,800,1.8799999952316284,1.8600000143051147,0.856541633605957
31-03-2009,1.909999966621399,1.909999966621399,100,1.909999966621399,1.909999966621399,0.8795666694641113
01-04-2009,1.899999976158142,1.899999976158142,8900,1.899999976158142,1.899999976158142,0.874961793422699
02-04-2009,1.8899999856948853,1.8899999856948853,500,1.899999976158142,1.899999976158142,0.874961793422699
03-04-2009,1.7999999523162842,1.7999999523162842,1000,1.899999976158142,1.899999976158142,0.874961793422699
06-04-2009,1.8899999856948853,1.899999976158142,900,1.899999976158142,1.899999976158142,0.874961793422699
07-04-2009,1.899999976158142,1.899999976158142,0,1.899999976158142,1.899999976158142,0.874961793422699
08-04-2009,1.899999976158142,1.899999976158142,0,1.899999976158142,1.899999976158142,0.874961793422699
09-04-2009,1.899999976158142,1.899999976158142,900,1.899999976158142,1.899999976158142,0.874961793422699
13-04-2009,1.899999976158142,1.899999976158142,0,1.899999976158142,1.899999976158142,0.874961793422699
14-04-2009,1.899999976158142,1.909999966621399,2300,1.909999966621399,1.899999976158142,0.874961793422699
15-04-2009,1.899999976158142,1.899999976158142,0,1.899999976158142,1.899999976158142,0.874961793422699
16-04-2009,1.899999976158142,1.899999976158142,0,1.899999976158142,1.899999976158142,0.874961793422699
17-04-2009,1.899999976158142,1.899999976158142,0,1.899999976158142,1.899999976158142,0.874961793422699
20-04-2009,1.899999976158142,1.899999976158142,0,1.899999976158142,1.899999976158142,0.874961793422699
21-04-2009,1.899999976158142,1.899999976158142,4000,1.899999976158142,1.899999976158142,0.874961793422699
22-04-2009,1.899999976158142,1.899999976158142,6000,1.899999976158142,1.899999976158142,0.874961793422699
23-04-2009,1.899999976158142,1.899999976158142,400,1.909999966621399,1.899999976158142,0.874961793422699
24-04-2009,1.899999976158142,1.899999976158142,0,1.899999976158142,1.899999976158142,0.874961793422699
27-04-2009,1.899999976158142,1.899999976158142,1000,1.899999976158142,1.899999976158142,0.874961793422699
28-04-2009,1.899999976158142,1.899999976158142,0,1.899999976158142,1.899999976158142,0.874961793422699
29-04-2009,1.899999976158142,1.899999976158142,0,1.899999976158142,1.899999976158142,0.874961793422699
30-04-2009,2.009999990463257,2.009999990463257,1600,2.009999990463257,2.009999990463257,0.9256175756454468
01-05-2009,1.909999966621399,1.909999966621399,400,1.909999966621399,1.909999966621399,0.8795666694641113
04-05-2009,1.909999966621399,1.909999966621399,0,1.909999966621399,1.909999966621399,0.8795666694641113
05-05-2009,1.9800000190734863,1.9800000190734863,500,1.9800000190734863,1.9800000190734863,0.9118021130561829
06-05-2009,1.9299999475479126,1.9299999475479126,15000,1.9500000476837158,1.9500000476837158,0.8979868292808533
07-05-2009,1.899999976158142,1.899999976158142,100,1.899999976158142,1.899999976158142,0.874961793422699
08-05-2009,1.899999976158142,1.899999976158142,0,1.899999976158142,1.899999976158142,0.874961793422699
11-05-2009,1.9900000095367432,1.9900000095367432,1700,2.1500000953674316,2.1500000953674316,0.9900884032249451
12-05-2009,2.1500000953674316,2.1500000953674316,0,2.1500000953674316,2.1500000953674316,0.9900884032249451
13-05-2009,2.1500000953674316,2.1500000953674316,0,2.1500000953674316,2.1500000953674316,0.9900884032249451
14-05-2009,1.9500000476837158,1.9500000476837158,1200,2.0999999046325684,2.0999999046325684,0.9670629501342773
15-05-2009,2.0999999046325684,2.0999999046325684,0,2.0999999046325684,2.0999999046325684,0.9670629501342773
18-05-2009,2.1500000953674316,2.1500000953674316,900,2.1500000953674316,2.1500000953674316,0.9900884032249451
19-05-2009,1.899999976158142,2.0,4900,2.0,1.899999976158142,0.874961793422699
20-05-2009,1.899999976158142,1.899999976158142,3400,1.9500000476837158,1.899999976158142,0.874961793422699
21-05-2009,1.899999976158142,1.899999976158142,0,1.899999976158142,1.899999976158142,0.874961793422699
22-05-2009,1.899999976158142,1.899999976158142,0,1.899999976158142,1.899999976158142,0.874961793422699
26-05-2009,1.899999976158142,1.899999976158142,0,1.899999976158142,1.899999976158142,0.874961793422699
27-05-2009,2.0999999046325684,2.130000114440918,4000,2.130000114440918,2.0999999046325684,0.9670629501342773
28-05-2009,2.0899999141693115,2.140000104904175,5100,2.200000047683716,2.140000104904175,0.9854834675788879
29-05-2009,2.140000104904175,2.140000104904175,0,2.140000104904175,2.140000104904175,0.9854834675788879
01-06-2009,1.9500000476837158,1.9500000476837158,100,1.9500000476837158,1.9500000476837158,0.8979868292808533
02-06-2009,2.200000047683716,2.200000047683716,5500,2.200000047683716,2.200000047683716,1.0131136178970337
03-06-2009,2.200000047683716,2.200000047683716,0,2.200000047683716,2.200000047683716,1.0131136178970337
04-06-2009,2.049999952316284,2.200000047683716,2600,2.200000047683716,2.049999952316284,0.9440377950668335
05-06-2009,2.049999952316284,2.049999952316284,0,2.049999952316284,2.049999952316284,0.9440377950668335
08-06-2009,2.049999952316284,2.049999952316284,0,2.049999952316284,2.049999952316284,0.9440377950668335
09-06-2009,2.009999990463257,2.009999990463257,17800,2.059999942779541,2.009999990463257,0.9256175756454468
10-06-2009,2.009999990463257,2.009999990463257,1700,2.009999990463257,2.009999990463257,0.9256175756454468
11-06-2009,2.009999990463257,2.009999990463257,0,2.009999990463257,2.009999990463257,0.9256175756454468
12-06-2009,2.009999990463257,2.009999990463257,0,2.009999990463257,2.009999990463257,0.9256175756454468
15-06-2009,2.009999990463257,2.009999990463257,0,2.009999990463257,2.009999990463257,0.9256175756454468
16-06-2009,2.009999990463257,2.009999990463257,0,2.009999990463257,2.009999990463257,0.9256175756454468
17-06-2009,2.009999990463257,2.009999990463257,0,2.009999990463257,2.009999990463257,0.9256175756454468
18-06-2009,2.009999990463257,2.009999990463257,0,2.009999990463257,2.009999990463257,0.9256175756454468
19-06-2009,2.009999990463257,2.009999990463257,0,2.009999990463257,2.009999990463257,0.9256175756454468
22-06-2009,2.049999952316284,2.049999952316284,400,2.049999952316284,2.049999952316284,0.9440377950668335
23-06-2009,2.049999952316284,2.049999952316284,0,2.049999952316284,2.049999952316284,0.9440377950668335
24-06-2009,2.0999999046325684,2.0999999046325684,3300,2.0999999046325684,2.0999999046325684,0.9670629501342773
25-06-2009,2.0999999046325684,2.0999999046325684,1000,2.0999999046325684,2.0999999046325684,0.9670629501342773
26-06-2009,2.200000047683716,2.200000047683716,5900,2.319999933242798,2.25,1.0361384153366089
29-06-2009,2.759999990463257,2.890000104904175,23400,3.7699999809265137,3.2200000286102295,1.482830286026001
30-06-2009,2.5799999237060547,2.5799999237060547,12000,3.3499999046325684,2.9000000953674316,1.3354675769805908
01-07-2009,2.9000000953674316,2.9100000858306885,4500,2.9200000762939453,2.9000000953674316,1.3354675769805908
02-07-2009,2.9000000953674316,2.9000000953674316,1300,2.9000000953674316,2.9000000953674316,1.3354675769805908
06-07-2009,3.25,3.3399999141693115,1800,3.3399999141693115,3.25,1.496645212173462
07-07-2009,2.890000104904175,3.1500000953674316,4300,3.25,3.1500000953674316,1.450594425201416
08-07-2009,3.1500000953674316,3.1500000953674316,0,3.1500000953674316,3.1500000953674316,1.450594425201416
09-07-2009,3.25,3.25,200,3.25,3.25,1.496645212173462
10-07-2009,3.2699999809265137,3.2699999809265137,200,3.2699999809265137,3.2699999809265137,1.5058552026748657
13-07-2009,3.0999999046325684,3.2699999809265137,1000,3.2699999809265137,3.0999999046325684,1.427568793296814
14-07-2009,3.0999999046325684,3.0999999046325684,0,3.0999999046325684,3.0999999046325684,1.427568793296814
15-07-2009,2.9000000953674316,2.9200000762939453,1700,3.049999952316284,3.0199999809265137,1.3907283544540405
16-07-2009,3.0199999809265137,3.119999885559082,3000,3.119999885559082,3.119999885559082,1.436779499053955
17-07-2009,2.9000000953674316,2.9000000953674316,3900,3.0999999046325684,3.0999999046325684,1.427568793296814
20-07-2009,2.8499999046325684,2.9100000858306885,2000,2.9100000858306885,2.8499999046325684,1.3124425411224365
21-07-2009,2.8499999046325684,2.8499999046325684,600,2.8499999046325684,2.8499999046325684,1.3124425411224365
22-07-2009,2.950000047683716,2.950000047683716,1500,2.950000047683716,2.950000047683716,1.3584929704666138
23-07-2009,2.8499999046325684,2.8499999046325684,900,2.9600000381469727,2.9600000381469727,1.36309814453125
24-07-2009,2.9600000381469727,2.9600000381469727,0,2.9600000381469727,2.9600000381469727,1.36309814453125
27-07-2009,2.9600000381469727,2.9600000381469727,0,2.9600000381469727,2.9600000381469727,1.36309814453125
28-07-2009,2.9600000381469727,2.9600000381469727,0,2.9600000381469727,2.9600000381469727,1.36309814453125
29-07-2009,2.9600000381469727,2.9600000381469727,0,2.9600000381469727,2.9600000381469727,1.36309814453125
30-07-2009,2.9600000381469727,2.9600000381469727,0,2.9600000381469727,2.9600000381469727,1.36309814453125
31-07-2009,2.9600000381469727,2.9600000381469727,0,2.9600000381469727,2.9600000381469727,1.36309814453125
03-08-2009,2.930000066757202,2.930000066757202,1500,2.930000066757202,2.930000066757202,1.3492833375930786
04-08-2009,2.9000000953674316,2.9000000953674316,400,2.9000000953674316,2.9000000953674316,1.3354675769805908
05-08-2009,2.9000000953674316,2.9000000953674316,0,2.9000000953674316,2.9000000953674316,1.3354675769805908
06-08-2009,2.9000000953674316,2.9000000953674316,7000,2.930000066757202,2.930000066757202,1.3492833375930786
07-08-2009,2.930000066757202,2.930000066757202,0,2.930000066757202,2.930000066757202,1.3492833375930786
10-08-2009,2.930000066757202,2.930000066757202,0,2.930000066757202,2.930000066757202,1.3492833375930786
11-08-2009,3.0899999141693115,3.0899999141693115,4000,3.0999999046325684,3.0999999046325684,1.427568793296814
12-08-2009,3.0,3.0,4000,3.0199999809265137,3.0199999809265137,1.3907283544540405
13-08-2009,2.8499999046325684,2.8499999046325684,45700,3.1500000953674316,2.9000000953674316,1.3354675769805908
14-08-2009,2.9000000953674316,2.9000000953674316,0,2.9000000953674316,2.9000000953674316,1.3354675769805908
17-08-2009,2.8399999141693115,3.0899999141693115,47200,3.0899999141693115,2.8499999046325684,1.3124425411224365
18-08-2009,2.799999952316284,2.809999942779541,29100,2.8499999046325684,2.8499999046325684,1.3124425411224365
19-08-2009,2.8499999046325684,2.8499999046325684,200,2.8499999046325684,2.8499999046325684,1.3124425411224365
20-08-2009,2.930000066757202,2.930000066757202,600,2.930000066757202,2.930000066757202,1.3492833375930786
21-08-2009,2.930000066757202,2.930000066757202,0,2.930000066757202,2.930000066757202,1.3492833375930786
24-08-2009,2.609999895095825,2.609999895095825,6000,2.799999952316284,2.75,1.2663922309875488
25-08-2009,2.799999952316284,2.799999952316284,300,2.799999952316284,2.799999952316284,1.2894173860549927
26-08-2009,2.799999952316284,2.799999952316284,0,2.799999952316284,2.799999952316284,1.2894173860549927
27-08-2009,2.799999952316284,2.799999952316284,0,2.799999952316284,2.799999952316284,1.2894173860549927
28-08-2009,2.799999952316284,2.799999952316284,0,2.799999952316284,2.799999952316284,1.2894173860549927
31-08-2009,2.799999952316284,2.799999952316284,0,2.799999952316284,2.799999952316284,1.2894173860549927
01-09-2009,2.799999952316284,2.799999952316284,0,2.799999952316284,2.799999952316284,1.2894173860549927
02-09-2009,2.799999952316284,2.799999952316284,0,2.799999952316284,2.799999952316284,1.2894173860549927
03-09-2009,2.6500000953674316,2.6500000953674316,400,2.6500000953674316,2.6500000953674316,1.2203412055969238
04-09-2009,2.6500000953674316,2.6500000953674316,0,2.6500000953674316,2.6500000953674316,1.2203412055969238
08-09-2009,2.6500000953674316,2.6500000953674316,300,2.6500000953674316,2.6500000953674316,1.2203412055969238
09-09-2009,2.609999895095825,2.609999895095825,3000,2.75,2.6500000953674316,1.2203412055969238
10-09-2009,3.0,3.0,300,3.0,3.0,1.3815187215805054
11-09-2009,3.0,3.0,0,3.0,3.0,1.3815187215805054
14-09-2009,2.75,2.75,200,2.75,2.75,1.2663922309875488
15-09-2009,2.75,2.75,0,2.75,2.75,1.2663922309875488
16-09-2009,2.75,2.75,0,2.75,2.75,1.2663922309875488
17-09-2009,2.880000114440918,2.880000114440918,100,2.880000114440918,2.880000114440918,1.3262580633163452
18-09-2009,2.880000114440918,2.880000114440918,0,2.880000114440918,2.880000114440918,1.3262580633163452
21-09-2009,2.75,2.75,2100,2.75,2.75,1.2663922309875488
22-09-2009,2.75,2.75,0,2.75,2.75,1.2663922309875488
23-09-2009,2.75,2.75,0,2.75,2.75,1.2663922309875488
24-09-2009,2.75,2.75,0,2.75,2.75,1.2663922309875488
25-09-2009,2.75,2.75,0,2.75,2.75,1.2663922309875488
28-09-2009,2.75,2.75,0,2.75,2.75,1.2663922309875488
29-09-2009,2.75,2.75,0,2.75,2.75,1.2663922309875488
30-09-2009,2.75,2.75,300,2.75,2.75,1.2663922309875488
01-10-2009,2.75,2.75,3500,2.75,2.75,1.2663922309875488
02-10-2009,2.75,2.75,0,2.75,2.75,1.2663922309875488
05-10-2009,2.75,2.75,0,2.75,2.75,1.2663922309875488
06-10-2009,2.4100000858306885,2.4100000858306885,1800,2.5999999046325684,2.5999999046325684,1.1973164081573486
07-10-2009,2.5999999046325684,2.5999999046325684,0,2.5999999046325684,2.5999999046325684,1.1973164081573486
08-10-2009,2.5999999046325684,2.5999999046325684,0,2.5999999046325684,2.5999999046325684,1.1973164081573486
09-10-2009,2.5,2.5,100,2.5,2.5,1.1512655019760132
12-10-2009,2.5,2.5,0,2.5,2.5,1.1512655019760132
13-10-2009,2.700000047683716,2.700000047683716,21800,2.700000047683716,2.700000047683716,1.2433662414550781
14-10-2009,2.700000047683716,2.700000047683716,0,2.700000047683716,2.700000047683716,1.2433662414550781
15-10-2009,2.8399999141693115,2.8399999141693115,25600,3.0999999046325684,3.0,1.3815187215805054
16-10-2009,3.0999999046325684,3.200000047683716,25600,3.200000047683716,3.0999999046325684,1.427568793296814
19-10-2009,3.1500000953674316,3.200000047683716,9000,3.200000047683716,3.200000047683716,1.473620057106018
20-10-2009,3.049999952316284,3.200000047683716,12300,3.200000047683716,3.069999933242798,1.4137541055679321
21-10-2009,3.069999933242798,3.069999933242798,0,3.069999933242798,3.069999933242798,1.4137541055679321
22-10-2009,3.069999933242798,3.069999933242798,0,3.069999933242798,3.069999933242798,1.4137541055679321
23-10-2009,2.9100000858306885,2.9100000858306885,3000,2.9100000858306885,2.9100000858306885,1.3400729894638062
26-10-2009,2.8499999046325684,2.9000000953674316,5200,2.9000000953674316,2.8499999046325684,1.3124425411224365
27-10-2009,3.0,3.0,5900,3.3499999046325684,3.049999952316284,1.4045441150665283
28-10-2009,2.9000000953674316,2.9600000381469727,80000,3.0,2.9000000953674316,1.3354675769805908
29-10-2009,2.9000000953674316,2.930000066757202,3200,3.2899999618530273,2.9600000381469727,1.36309814453125
30-10-2009,2.9200000762939453,3.0,2800,3.1500000953674316,2.930000066757202,1.3492833375930786
02-11-2009,2.9000000953674316,2.9000000953674316,5600,3.450000047683716,2.9700000286102295,1.3677034378051758
03-11-2009,2.9100000858306885,2.930000066757202,800,3.369999885559082,3.369999885559082,1.5519059896469116
04-11-2009,2.9000000953674316,2.9100000858306885,8000,3.490000009536743,3.450000047683716,1.588746190071106
05-11-2009,3.009999990463257,3.140000104904175,1000,3.140000104904175,3.009999990463257,1.3861234188079834
06-11-2009,3.0299999713897705,3.0299999713897705,300,3.0299999713897705,3.0299999713897705,1.3953337669372559
09-11-2009,3.0299999713897705,3.0299999713897705,0,3.0299999713897705,3.0299999713897705,1.3953337669372559
10-11-2009,3.119999885559082,3.240000009536743,3500,3.5,3.119999885559082,1.436779499053955
11-11-2009,2.509999990463257,2.509999990463257,16100,3.180000066757202,3.109999895095825,1.4321742057800293
12-11-2009,2.859999895095825,3.0,12100,3.0,2.9000000953674316,1.3354675769805908
13-11-2009,2.869999885559082,2.869999885559082,200,2.869999885559082,2.869999885559082,1.3216524124145508
16-11-2009,2.799999952316284,2.799999952316284,200,2.799999952316284,2.799999952316284,1.2894173860549927
17-11-2009,2.799999952316284,2.799999952316284,2200,2.8299999237060547,2.8299999237060547,1.3032324314117432
18-11-2009,2.9000000953674316,2.9000000953674316,5600,2.9100000858306885,2.9000000953674316,1.3354675769805908
19-11-2009,2.9000000953674316,2.9000000953674316,0,2.9000000953674316,2.9000000953674316,1.3354675769805908
20-11-2009,2.799999952316284,2.799999952316284,1000,2.799999952316284,2.799999952316284,1.2894173860549927
23-11-2009,2.75,2.799999952316284,126300,2.9000000953674316,2.75,1.2663922309875488
24-11-2009,2.75,2.75,300,2.9600000381469727,2.9600000381469727,1.36309814453125
25-11-2009,2.9600000381469727,2.9600000381469727,0,2.9600000381469727,2.9600000381469727,1.36309814453125
27-11-2009,2.7799999713897705,2.7799999713897705,100,2.7799999713897705,2.7799999713897705,1.2802070379257202
30-11-2009,3.0,3.0,900,3.0,3.0,1.3815187215805054
01-12-2009,3.0,3.0,0,3.0,3.0,1.3815187215805054
02-12-2009,2.759999990463257,2.759999990463257,200,2.759999990463257,2.759999990463257,1.2709970474243164
03-12-2009,2.759999990463257,2.759999990463257,100,2.759999990463257,2.759999990463257,1.2709970474243164
04-12-2009,2.75,2.75,200,2.75,2.75,1.2663922309875488
07-12-2009,2.75,2.75,0,2.75,2.75,1.2663922309875488
08-12-2009,2.5999999046325684,2.75,4200,2.75,2.5999999046325684,1.1973164081573486
09-12-2009,2.5999999046325684,2.609999895095825,1500,2.609999895095825,2.5999999046325684,1.1973164081573486
10-12-2009,2.5999999046325684,2.5999999046325684,0,2.5999999046325684,2.5999999046325684,1.1973164081573486
11-12-2009,2.5999999046325684,2.5999999046325684,0,2.5999999046325684,2.5999999046325684,1.1973164081573486
14-12-2009,2.5999999046325684,2.5999999046325684,0,2.5999999046325684,2.5999999046325684,1.1973164081573486
15-12-2009,2.5999999046325684,2.5999999046325684,3000,2.5999999046325684,2.5999999046325684,1.1973164081573486
16-12-2009,2.5999999046325684,2.5999999046325684,0,2.5999999046325684,2.5999999046325684,1.1973164081573486
17-12-2009,2.5999999046325684,2.5999999046325684,0,2.5999999046325684,2.5999999046325684,1.1973164081573486
18-12-2009,2.5999999046325684,2.5999999046325684,300,2.5999999046325684,2.5999999046325684,1.1973164081573486
21-12-2009,2.5999999046325684,2.5999999046325684,1500,2.6500000953674316,2.6500000953674316,1.2203412055969238
22-12-2009,2.6500000953674316,2.6500000953674316,0,2.6500000953674316,2.6500000953674316,1.2203412055969238
23-12-2009,2.6500000953674316,2.6500000953674316,0,2.6500000953674316,2.6500000953674316,1.2203412055969238
24-12-2009,2.6500000953674316,2.6500000953674316,0,2.6500000953674316,2.6500000953674316,1.2203412055969238
28-12-2009,2.6500000953674316,2.6500000953674316,600,2.6500000953674316,2.6500000953674316,1.2203412055969238
29-12-2009,2.6500000953674316,2.6500000953674316,0,2.6500000953674316,2.6500000953674316,1.2203412055969238
30-12-2009,2.6500000953674316,2.6600000858306885,800,2.6700000762939453,2.6700000762939453,1.2295515537261963
31-12-2009,2.559999942779541,2.640000104904175,1800,2.640000104904175,2.559999942779541,1.1788958311080933
04-01-2010,2.6500000953674316,2.6500000953674316,1900,2.799999952316284,2.799999952316284,1.2894173860549927
05-01-2010,2.640000104904175,2.640000104904175,1400,2.8499999046325684,2.8499999046325684,1.3124425411224365
06-01-2010,2.8499999046325684,2.8499999046325684,0,2.8499999046325684,2.8499999046325684,1.3124425411224365
07-01-2010,2.8499999046325684,2.8499999046325684,0,2.8499999046325684,2.8499999046325684,1.3124425411224365
08-01-2010,2.8499999046325684,2.8499999046325684,0,2.8499999046325684,2.8499999046325684,1.3124425411224365
11-01-2010,2.640000104904175,2.6500000953674316,1700,2.6600000858306885,2.640000104904175,1.2157365083694458
12-01-2010,2.640000104904175,2.640000104904175,0,2.640000104904175,2.640000104904175,1.2157365083694458
13-01-2010,2.5999999046325684,2.5999999046325684,700,2.640000104904175,2.640000104904175,1.2157365083694458
14-01-2010,2.640000104904175,2.640000104904175,0,2.640000104904175,2.640000104904175,1.2157365083694458
15-01-2010,2.640000104904175,2.640000104904175,0,2.640000104904175,2.640000104904175,1.2157365083694458
19-01-2010,2.640000104904175,2.640000104904175,0,2.640000104904175,2.640000104904175,1.2157365083694458
20-01-2010,2.619999885559082,2.619999885559082,1200,2.619999885559082,2.619999885559082,1.2065260410308838
21-01-2010,2.619999885559082,2.619999885559082,0,2.619999885559082,2.619999885559082,1.2065260410308838
22-01-2010,2.619999885559082,2.619999885559082,0,2.619999885559082,2.619999885559082,1.2065260410308838
25-01-2010,2.619999885559082,2.619999885559082,0,2.619999885559082,2.619999885559082,1.2065260410308838
26-01-2010,2.619999885559082,2.619999885559082,0,2.619999885559082,2.619999885559082,1.2065260410308838
27-01-2010,2.5799999237060547,2.5799999237060547,1000,2.5899999141693115,2.5799999237060547,1.1881057024002075
28-01-2010,2.5799999237060547,2.5799999237060547,0,2.5799999237060547,2.5799999237060547,1.1881057024002075
29-01-2010,2.5799999237060547,2.5799999237060547,0,2.5799999237060547,2.5799999237060547,1.1881057024002075
01-02-2010,2.5799999237060547,2.5799999237060547,0,2.5799999237060547,2.5799999237060547,1.1881057024002075
02-02-2010,2.700000047683716,2.700000047683716,3400,2.700000047683716,2.700000047683716,1.2433662414550781
03-02-2010,2.700000047683716,2.740000009536743,5000,2.799999952316284,2.700000047683716,1.2433662414550781
04-02-2010,2.700000047683716,2.700000047683716,0,2.700000047683716,2.700000047683716,1.2433662414550781
05-02-2010,2.700000047683716,2.700000047683716,0,2.700000047683716,2.700000047683716,1.2433662414550781
08-02-2010,2.5799999237060547,2.5799999237060547,1900,2.5799999237060547,2.5799999237060547,1.1881057024002075
09-02-2010,2.5799999237060547,2.5799999237060547,1400,2.799999952316284,2.7699999809265137,1.275602102279663
10-02-2010,2.799999952316284,2.799999952316284,18100,2.940000057220459,2.940000057220459,1.3538880348205566
11-02-2010,2.940000057220459,2.950000047683716,22100,3.0,2.990000009536743,1.3769135475158691
12-02-2010,2.940000057220459,2.940000057220459,6600,2.990000009536743,2.990000009536743,1.3769135475158691
16-02-2010,3.0,3.0,20000,3.190000057220459,3.0799999237060547,1.4183590412139893
17-02-2010,3.0799999237060547,3.0799999237060547,1900,3.25,3.109999895095825,1.4321742057800293
18-02-2010,3.0,3.0899999141693115,5100,3.0899999141693115,3.0,1.3815187215805054
19-02-2010,2.549999952316284,2.549999952316284,3300,3.240000009536743,2.809999942779541,1.2940220832824707
22-02-2010,2.809999942779541,2.809999942779541,0,2.809999942779541,2.809999942779541,1.2940220832824707
23-02-2010,2.809999942779541,2.809999942779541,0,2.809999942779541,2.809999942779541,1.2940220832824707
24-02-2010,2.8499999046325684,2.8499999046325684,6000,3.25,3.240000009536743,1.4920399188995361
25-02-2010,3.2300000190734863,3.2300000190734863,13000,3.25,3.25,1.496645212173462
26-02-2010,3.2300000190734863,3.240000009536743,6500,3.259999990463257,3.2300000190734863,1.4874348640441895
01-03-2010,3.25,3.25,2200,3.380000114440918,3.380000114440918,1.5565110445022583
02-03-2010,3.3499999046325684,3.4000000953674316,18400,3.450000047683716,3.450000047683716,1.588746190071106
03-03-2010,3.430000066757202,3.430000066757202,10000,3.490000009536743,3.490000009536743,1.6071667671203613
04-03-2010,3.259999990463257,3.5,1200,3.5,3.5,1.6117722988128662
05-03-2010,3.490000009536743,3.5,1300,3.5,3.5,1.6117722988128662
08-03-2010,3.4100000858306885,3.4600000381469727,600,3.4600000381469727,3.4100000858306885,1.5703262090682983
09-03-2010,3.4100000858306885,3.5,16200,3.5,3.4700000286102295,1.5979565382003784
10-03-2010,3.4700000286102295,3.4700000286102295,6100,3.5,3.4800000190734863,1.6118515729904175
11-03-2010,3.450000047683716,3.490000009536743,3300,3.490000009536743,3.4800000190734863,1.6118515729904175
12-03-2010,3.4700000286102295,3.4700000286102295,4700,3.4800000190734863,3.4700000286102295,1.60722017288208
15-03-2010,3.4800000190734863,3.4800000190734863,4000,3.5,3.5,1.6211152076721191
16-03-2010,3.4000000953674316,3.5,1400,3.5,3.440000057220459,1.5933244228363037
17-03-2010,3.4800000190734863,3.490000009536743,5200,3.5,3.5,1.6211152076721191
18-03-2010,3.5,3.5,0,3.5,3.5,1.6211152076721191
19-03-2010,3.5,3.5,0,3.5,3.5,1.6211152076721191
22-03-2010,3.490000009536743,3.490000009536743,1000,3.490000009536743,3.490000009536743,1.6164835691452026
23-03-2010,3.490000009536743,3.490000009536743,0,3.490000009536743,3.490000009536743,1.6164835691452026
24-03-2010,3.0899999141693115,3.4100000858306885,11200,3.4100000858306885,3.2699999809265137,1.5145851373672485
25-03-2010,3.4000000953674316,3.4100000858306885,11300,3.430000066757202,3.4200000762939453,1.584060788154602
26-03-2010,3.0,3.450000047683716,30700,3.5,3.450000047683716,1.5979565382003784
29-03-2010,2.950000047683716,3.0899999141693115,21900,3.2799999713897705,3.1700000762939453,1.4682673215866089
30-03-2010,3.140000104904175,3.140000104904175,4600,3.309999942779541,3.25,1.5053210258483887
31-03-2010,3.109999895095825,3.25,3600,3.4200000762939453,3.1500000953674316,1.4590040445327759
01-04-2010,3.369999885559082,3.369999885559082,300,3.380000114440918,3.380000114440918,1.565533995628357
05-04-2010,3.2699999809265137,3.5,17800,3.549999952316284,3.549999952316284,1.6442738771438599
06-04-2010,3.190000057220459,3.3499999046325684,34300,3.549999952316284,3.3399999141693115,1.5470069646835327
07-04-2010,3.3399999141693115,3.3399999141693115,0,3.3399999141693115,3.3399999141693115,1.5470069646835327
08-04-2010,3.2100000381469727,3.2200000286102295,15600,3.490000009536743,3.2300000190734863,1.4960577487945557
09-04-2010,3.2300000190734863,3.390000104904175,1900,3.4000000953674316,3.359999895095825,1.556270718574524
12-04-2010,3.369999885559082,3.369999885559082,600,3.4000000953674316,3.4000000953674316,1.5747976303100586
13-04-2010,3.390000104904175,3.4000000953674316,20500,3.619999885559082,3.619999885559082,1.6766963005065918
14-04-2010,3.4800000190734863,3.7300000190734863,62600,3.75,3.690000057220459,1.7091186046600342
15-04-2010,3.6600000858306885,3.680000066757202,11400,3.75,3.75,1.73690927028656
16-04-2010,3.6700000762939453,3.6700000762939453,2400,3.75,3.75,1.73690927028656
19-04-2010,3.569999933242798,3.569999933242798,53300,4.449999809265137,4.150000095367432,1.9221795797348022
20-04-2010,4.099999904632568,4.099999904632568,10000,4.440000057220459,4.440000057220459,2.0565004348754883
21-04-2010,3.75,3.75,10200,4.289999961853027,4.25,1.9684972763061523
22-04-2010,4.25,4.25,2100,4.329999923706055,4.329999923706055,2.0055508613586426
23-04-2010,4.329999923706055,4.329999923706055,0,4.329999923706055,4.329999923706055,2.0055508613586426
26-04-2010,4.329999923706055,4.329999923706055,7000,4.389999866485596,4.380000114440918,2.028710126876831
27-04-2010,4.380000114440918,4.380000114440918,1900,4.380000114440918,4.380000114440918,2.028710126876831
28-04-2010,4.110000133514404,4.389999866485596,1300,4.389999866485596,4.230000019073486,1.9592336416244507
29-04-2010,4.099999904632568,4.409999847412109,7700,4.420000076293945,4.150000095367432,1.9221795797348022
30-04-2010,3.6600000858306885,4.190000057220459,32700,4.190000057220459,3.9800000190734863,1.8434398174285889
03-05-2010,4.010000228881836,4.010000228881836,10000,4.150000095367432,4.059999942779541,1.8804932832717896
04-05-2010,4.010000228881836,4.010000228881836,8000,4.150000095367432,4.03000020980835,1.8665986061096191
05-05-2010,3.6600000858306885,4.03000020980835,6000,4.150000095367432,4.099999904632568,1.899020791053772
06-05-2010,4.099999904632568,4.099999904632568,0,4.099999904632568,4.099999904632568,1.899020791053772
07-05-2010,3.619999885559082,3.8499999046325684,5700,4.139999866485596,3.950000047683716,1.8295438289642334
10-05-2010,3.569999933242798,3.819999933242798,8800,4.0,3.8399999141693115,1.7785950899124146
11-05-2010,3.950000047683716,3.950000047683716,3800,4.190000057220459,4.130000114440918,1.9129159450531006
12-05-2010,4.119999885559082,4.179999828338623,1600,4.179999828338623,4.150000095367432,1.9221795797348022
13-05-2010,3.8399999141693115,4.010000228881836,2100,4.090000152587891,4.070000171661377,1.8851251602172852
14-05-2010,4.010000228881836,4.139999866485596,2500,4.139999866485596,4.050000190734863,1.8758620023727417
17-05-2010,3.9000000953674316,4.0,1600,4.0,3.9600000381469727,1.8341760635375977
18-05-2010,3.9200000762939453,4.139999866485596,2500,4.150000095367432,4.090000152587891,1.8943886756896973
19-05-2010,4.139999866485596,4.150000095367432,3300,4.150000095367432,4.150000095367432,1.9221795797348022
20-05-2010,3.9000000953674316,4.309999942779541,5600,4.309999942779541,3.940000057220459,1.824912667274475
21-05-2010,4.070000171661377,4.070000171661377,800,4.110000133514404,4.099999904632568,1.899020791053772
24-05-2010,4.050000190734863,4.150000095367432,700,4.150000095367432,4.050000190734863,1.8758620023727417
25-05-2010,3.9000000953674316,3.9200000762939453,300,3.9200000762939453,3.9000000953674316,1.806384801864624
26-05-2010,3.5999999046325684,3.9000000953674316,16000,3.9100000858306885,3.75,1.73690927028656
27-05-2010,3.9000000953674316,3.9000000953674316,8600,4.019999980926514,4.019999980926514,1.8619663715362549
28-05-2010,3.9200000762939453,4.010000228881836,12800,4.019999980926514,3.9200000762939453,1.8156481981277466
01-06-2010,3.930000066757202,4.010000228881836,12900,4.019999980926514,4.0,1.852703332901001
02-06-2010,3.9000000953674316,3.930000066757202,7300,4.0,4.0,1.852703332901001
03-06-2010,3.950000047683716,3.950000047683716,6200,3.950000047683716,3.950000047683716,1.8295438289642334
04-06-2010,3.6500000953674316,3.9000000953674316,9500,3.9700000286102295,3.9700000286102295,1.8388080596923828
07-06-2010,3.9000000953674316,3.9000000953674316,2100,3.9800000190734863,3.9800000190734863,1.8434398174285889
08-06-2010,3.9000000953674316,3.9000000953674316,1000,3.9000000953674316,3.9000000953674316,1.806384801864624
09-06-2010,4.0,4.0,3800,4.199999809265137,4.099999904632568,1.9088094234466553
10-06-2010,4.0,4.019999980926514,1600,4.019999980926514,4.0,1.8622530698776245
11-06-2010,3.9000000953674316,3.9100000858306885,900,3.9100000858306885,3.9000000953674316,1.815697193145752
14-06-2010,3.819999933242798,4.0,7900,4.0,3.950000047683716,1.8389748334884644
15-06-2010,3.7899999618530273,3.7899999618530273,6900,4.0,3.8299999237060547,1.7831076383590698
16-06-2010,3.9000000953674316,4.039999961853027,8900,4.139999866485596,3.9000000953674316,1.815697193145752
17-06-2010,3.9000000953674316,3.990000009536743,6900,4.0,3.9000000953674316,1.815697193145752
18-06-2010,3.940000057220459,3.940000057220459,7300,4.099999904632568,4.099999904632568,1.9088094234466553
21-06-2010,3.9200000762939453,3.9200000762939453,2000,4.070000171661377,4.0,1.8622530698776245
22-06-2010,4.090000152587891,4.099999904632568,2200,4.199999809265137,4.090000152587891,1.9041545391082764
23-06-2010,4.21999979019165,4.239999771118164,4800,4.25,4.230000019073486,1.9693324565887451
24-06-2010,4.079999923706055,4.230000019073486,4800,4.230000019073486,4.190000057220459,1.9507099390029907
25-06-2010,4.03000020980835,4.21999979019165,3300,4.260000228881836,4.260000228881836,1.9832991361618042
28-06-2010,4.190000057220459,4.420000076293945,43900,4.75,4.199999809265137,1.955365538597107
29-06-2010,4.0,4.590000152587891,14400,4.590000152587891,4.119999885559082,1.9181207418441772
30-06-2010,4.0,4.010000228881836,7500,4.110000133514404,4.110000133514404,1.9134657382965088
01-07-2010,3.880000114440918,3.9600000381469727,4600,4.150000095367432,4.150000095367432,1.9320868253707886
02-07-2010,4.0,4.190000057220459,7900,4.239999771118164,4.0,1.8622530698776245
06-07-2010,3.990000009536743,4.010000228881836,34500,4.199999809265137,4.019999980926514,1.8715646266937256
07-07-2010,4.0,4.0,4900,4.239999771118164,4.21999979019165,1.9646767377853394
08-07-2010,4.0,4.159999847412109,5900,4.329999923706055,4.039999961853027,1.8808754682540894
09-07-2010,4.010000228881836,4.019999980926514,1100,4.019999980926514,4.019999980926514,1.8715646266937256
12-07-2010,4.119999885559082,4.119999885559082,3400,4.25,4.230000019073486,1.9693324565887451
13-07-2010,4.039999961853027,4.119999885559082,1900,4.119999885559082,4.050000190734863,1.8855314254760742
14-07-2010,4.019999980926514,4.019999980926514,3800,4.150000095367432,4.099999904632568,1.9088094234466553
15-07-2010,4.099999904632568,4.099999904632568,2500,4.21999979019165,4.210000038146973,1.9600214958190918
16-07-2010,4.0,4.150000095367432,2400,4.150000095367432,4.0,1.8622530698776245
19-07-2010,3.890000104904175,4.050000190734863,15500,4.050000190734863,3.890000104904175,1.8110407590866089
20-07-2010,3.9200000762939453,3.9200000762939453,600,3.9800000190734863,3.9800000190734863,1.8529415130615234
21-07-2010,4.099999904632568,4.099999904632568,300,4.159999847412109,4.159999847412109,1.936742901802063
22-07-2010,4.019999980926514,4.199999809265137,400,4.199999809265137,4.019999980926514,1.8715646266937256
23-07-2010,4.099999904632568,4.099999904632568,3500,4.199999809265137,4.150000095367432,1.9320868253707886
26-07-2010,4.0,4.130000114440918,6900,4.179999828338623,4.0,1.8622530698776245
27-07-2010,4.179999828338623,4.190000057220459,5100,4.21999979019165,4.21999979019165,1.9646767377853394
28-07-2010,4.150000095367432,4.150000095367432,1700,4.21999979019165,4.21999979019165,1.9646767377853394
29-07-2010,4.099999904632568,4.21999979019165,1600,4.21999979019165,4.099999904632568,1.9088094234466553
30-07-2010,4.21999979019165,4.21999979019165,3000,4.349999904632568,4.300000190734863,2.0019218921661377
02-08-2010,4.210000038146973,4.210000038146973,7800,4.349999904632568,4.210000038146973,1.9600214958190918
03-08-2010,4.25,4.349999904632568,11700,4.380000114440918,4.25,1.9786438941955566
04-08-2010,4.340000152587891,4.639999866485596,4100,4.639999866485596,4.340000152587891,2.0205445289611816
05-08-2010,4.369999885559082,4.579999923706055,3900,4.590000152587891,4.369999885559082,2.034511089324951
06-08-2010,4.369999885559082,4.53000020980835,4200,4.53000020980835,4.420000076293945,2.0577893257141113
09-08-2010,4.25,4.420000076293945,6200,4.420000076293945,4.289999961853027,1.9972667694091797
10-08-2010,4.369999885559082,4.679999828338623,14200,4.679999828338623,4.46999979019165,2.0810675621032715
11-08-2010,4.300000190734863,4.53000020980835,37400,4.53000020980835,4.460000038146973,2.0764122009277344
12-08-2010,4.25,4.420000076293945,9300,4.5,4.5,2.095034599304199
13-08-2010,4.400000095367432,4.480000019073486,10700,4.5,4.440000057220459,2.067101240158081
16-08-2010,4.25,4.309999942779541,2900,4.320000171661377,4.320000171661377,2.0112342834472656
17-08-2010,4.300000190734863,4.320000171661377,3700,4.320000171661377,4.300000190734863,2.0019218921661377
18-08-2010,4.25,4.400000095367432,3400,4.449999809265137,4.449999809265137,2.0717568397521973
19-08-2010,4.349999904632568,4.349999904632568,1800,4.590000152587891,4.349999904632568,2.025200366973877
20-08-2010,4.349999904632568,4.349999904632568,8200,4.5,4.480000019073486,2.085723876953125
23-08-2010,4.300000190734863,4.480000019073486,10400,4.489999771118164,4.480000019073486,2.085723876953125
24-08-2010,4.460000038146973,4.489999771118164,5800,4.489999771118164,4.480000019073486,2.085723876953125
25-08-2010,4.46999979019165,4.489999771118164,13900,4.5,4.5,2.095034599304199
26-08-2010,4.349999904632568,4.480000019073486,12900,4.5,4.5,2.095034599304199
27-08-2010,4.349999904632568,4.349999904632568,4900,4.489999771118164,4.489999771118164,2.090379476547241
30-08-2010,4.349999904632568,4.349999904632568,400,4.489999771118164,4.489999771118164,2.090379476547241
31-08-2010,4.360000133514404,4.369999885559082,3600,4.699999809265137,4.489999771118164,2.090379476547241
01-09-2010,4.300000190734863,4.300000190734863,13600,4.480000019073486,4.460000038146973,2.0764122009277344
02-09-2010,4.460000038146973,4.460000038146973,0,4.460000038146973,4.460000038146973,2.0764122009277344
03-09-2010,4.349999904632568,4.349999904632568,1700,4.489999771118164,4.46999979019165,2.0810675621032715
07-09-2010,4.300000190734863,4.320000171661377,2200,4.489999771118164,4.340000152587891,2.0205445289611816
08-09-2010,4.340000152587891,4.340000152587891,0,4.340000152587891,4.340000152587891,2.0298986434936523
09-09-2010,4.300000190734863,4.320000171661377,10200,4.360000133514404,4.300000190734863,2.0111899375915527
10-09-2010,4.429999828338623,4.429999828338623,1300,4.480000019073486,4.480000019073486,2.095379590988159
13-09-2010,4.300000190734863,4.46999979019165,18200,4.5,4.480000019073486,2.095379590988159
14-09-2010,4.300000190734863,4.409999847412109,6700,4.5,4.5,2.10473370552063
15-09-2010,4.5,4.5,2200,4.599999904632568,4.53000020980835,2.1187655925750732
16-09-2010,4.409999847412109,4.409999847412109,1400,4.5,4.480000019073486,2.095379590988159
17-09-2010,4.449999809265137,4.53000020980835,7600,4.699999809265137,4.53000020980835,2.1187655925750732
20-09-2010,4.449999809265137,4.5,7800,4.579999923706055,4.510000228881836,2.1094110012054443
21-09-2010,4.539999961853027,4.550000190734863,4100,4.599999904632568,4.599999904632568,2.151505947113037
22-09-2010,4.599999904632568,4.599999904632568,6600,4.699999809265137,4.699999809265137,2.198277235031128
23-09-2010,4.670000076293945,4.670000076293945,2200,4.670000076293945,4.670000076293945,2.184246301651001
24-09-2010,4.599999904632568,4.599999904632568,3000,4.78000020980835,4.78000020980835,2.2356956005096436
27-09-2010,4.690000057220459,4.699999809265137,600,4.699999809265137,4.699999809265137,2.198277235031128
28-09-2010,4.699999809265137,4.820000171661377,1400,4.820000171661377,4.820000171661377,2.254403829574585
29-09-2010,4.809999942779541,4.809999942779541,1400,4.809999942779541,4.809999942779541,2.2497265338897705
30-09-2010,4.809999942779541,4.809999942779541,0,4.809999942779541,4.809999942779541,2.2497265338897705
01-10-2010,4.829999923706055,4.880000114440918,800,4.880000114440918,4.869999885559082,2.277790069580078
04-10-2010,4.829999923706055,4.949999809265137,10100,5.0,4.829999923706055,2.2590811252593994
05-10-2010,4.840000152587891,4.840000152587891,8900,5.099999904632568,4.900000095367432,2.291821002960205
06-10-2010,4.900000095367432,5.300000190734863,6700,5.300000190734863,4.989999771118164,2.3339152336120605
07-10-2010,5.0,5.0,62500,5.150000095367432,5.050000190734863,2.3619794845581055
08-10-2010,5.050000190734863,5.050000190734863,34100,5.199999809265137,5.150000095367432,2.408751964569092
11-10-2010,5.019999980926514,5.300000190734863,68100,5.300000190734863,5.019999980926514,2.347947597503662
12-10-2010,5.050000190734863,5.050000190734863,400,5.25,5.179999828338623,2.4227824211120605
13-10-2010,5.199999809265137,5.25,38600,5.269999980926514,5.25,2.4555234909057617
14-10-2010,5.25,5.25,100000,5.260000228881836,5.260000228881836,2.460200548171997
15-10-2010,5.260000228881836,5.260000228881836,0,5.260000228881836,5.260000228881836,2.460200548171997
18-10-2010,5.25,5.25,120000,5.320000171661377,5.260000228881836,2.460200548171997
19-10-2010,5.25,5.25,32300,5.300000190734863,5.25,2.4555234909057617
20-10-2010,5.25,5.25,12100,5.5,5.260000228881836,2.460200548171997
21-10-2010,5.25,5.46999979019165,1500,5.489999771118164,5.420000076293945,2.5350358486175537
22-10-2010,5.25,5.5,3800,5.5,5.5,2.5724525451660156
25-10-2010,5.389999866485596,5.5,12400,5.849999904632568,5.690000057220459,2.6613192558288574
26-10-2010,5.610000133514404,5.699999809265137,8200,5.71999979019165,5.699999809265137,2.6659958362579346
27-10-2010,5.360000133514404,5.78000020980835,2700,5.78000020980835,5.46999979019165,2.5584216117858887
28-10-2010,5.289999961853027,5.289999961853027,6900,5.75,5.5,2.5724525451660156
29-10-2010,5.510000228881836,5.519999980926514,1500,5.650000095367432,5.510000228881836,2.57712984085083
01-11-2010,5.300000190734863,5.449999809265137,4600,5.449999809265137,5.400000095367432,2.5256803035736084
02-11-2010,5.260000228881836,5.269999980926514,3600,5.420000076293945,5.309999942779541,2.483586072921753
03-11-2010,5.260000228881836,5.269999980926514,700,5.309999942779541,5.309999942779541,2.483586072921753
04-11-2010,5.25,5.309999942779541,5200,5.420000076293945,5.25,2.4555234909057617
05-11-2010,5.25,5.25,9700,5.639999866485596,5.539999961853027,2.5911614894866943
08-11-2010,5.400000095367432,5.449999809265137,20500,5.71999979019165,5.460000038146973,2.553744316101074
09-11-2010,5.53000020980835,5.53000020980835,15900,5.650000095367432,5.599999904632568,2.6192243099212646
10-11-2010,5.309999942779541,5.53000020980835,3900,5.71999979019165,5.349999904632568,2.502293825149536
11-11-2010,5.239999771118164,5.239999771118164,1100,5.239999771118164,5.239999771118164,2.4508461952209473
12-11-2010,5.230000019073486,5.239999771118164,1900,5.329999923706055,5.25,2.4555234909057617
15-11-2010,5.150000095367432,5.269999980926514,11200,5.389999866485596,5.320000171661377,2.4882631301879883
16-11-2010,5.239999771118164,5.25,4000,5.449999809265137,5.320000171661377,2.4882631301879883
17-11-2010,5.199999809265137,5.360000133514404,900,5.360000133514404,5.199999809265137,2.4321372509002686
18-11-2010,5.21999979019165,5.329999923706055,9700,5.53000020980835,5.230000019073486,2.446168899536133
19-11-2010,5.150000095367432,5.260000228881836,3800,5.269999980926514,5.190000057220459,2.427460193634033
22-11-2010,5.190000057220459,5.190000057220459,300,5.199999809265137,5.199999809265137,2.4321372509002686
23-11-2010,5.110000133514404,5.21999979019165,1800,5.21999979019165,5.119999885559082,2.3947196006774902
24-11-2010,5.0,5.199999809265137,14800,5.199999809265137,5.099999904632568,2.3853647708892822
26-11-2010,5.099999904632568,5.099999904632568,0,5.099999904632568,5.099999904632568,2.3853647708892822
29-11-2010,4.809999942779541,5.0,2800,5.190000057220459,4.849999904632568,2.268435478210449
30-11-2010,4.849999904632568,4.900000095367432,15400,5.039999961853027,5.039999961853027,2.357301712036133
01-12-2010,4.900000095367432,4.900000095367432,15000,5.050000190734863,5.019999980926514,2.347947597503662
02-12-2010,4.989999771118164,5.0,2500,5.0,5.0,2.3385937213897705
03-12-2010,4.800000190734863,4.800000190734863,2200,5.0,5.0,2.3385937213897705
06-12-2010,5.010000228881836,5.179999828338623,6700,5.199999809265137,5.099999904632568,2.3853647708892822
07-12-2010,5.039999961853027,5.099999904632568,4200,5.199999809265137,5.039999961853027,2.357301712036133
08-12-2010,5.010000228881836,5.139999866485596,2500,5.170000076293945,5.010000228881836,2.3526060581207275
09-12-2010,5.010000228881836,5.010000228881836,0,5.010000228881836,5.010000228881836,2.3526060581207275
10-12-2010,5.0,5.010000228881836,1200,5.139999866485596,5.130000114440918,2.4089560508728027
13-12-2010,5.179999828338623,5.179999828338623,400,5.179999828338623,5.179999828338623,2.4324352741241455
14-12-2010,5.110000133514404,5.170000076293945,2000,5.170000076293945,5.110000133514404,2.3995649814605713
15-12-2010,5.019999980926514,5.099999904632568,5600,5.099999904632568,5.099999904632568,2.3948681354522705
16-12-2010,5.119999885559082,5.179999828338623,16100,5.199999809265137,5.199999809265137,2.4418270587921143
17-12-2010,5.199999809265137,5.260000228881836,5600,5.400000095367432,5.400000095367432,2.535743474960327
20-12-2010,5.369999885559082,5.489999771118164,6100,5.599999904632568,5.5,2.5827012062072754
21-12-2010,5.449999809265137,5.53000020980835,3600,5.53000020980835,5.449999809265137,2.5592222213745117
22-12-2010,5.369999885559082,5.5,7400,5.539999961853027,5.449999809265137,2.5592222213745117
23-12-2010,5.260000228881836,5.429999828338623,600,5.429999828338623,5.28000020980835,2.479393720626831
27-12-2010,5.269999980926514,5.349999904632568,2100,5.349999904632568,5.269999980926514,2.474698066711426
28-12-2010,5.349999904632568,5.349999904632568,2200,5.429999828338623,5.349999904632568,2.512263536453247
29-12-2010,5.440000057220459,5.440000057220459,600,5.449999809265137,5.449999809265137,2.5592222213745117
30-12-2010,4.800000190734863,5.320000171661377,32200,5.320000171661377,5.090000152587891,2.390171766281128
31-12-2010,4.929999828338623,5.099999904632568,9000,5.21999979019165,5.150000095367432,2.4183480739593506
03-01-2011,4.809999942779541,4.809999942779541,20900,5.050000190734863,4.949999809265137,2.3244311809539795
04-01-2011,4.920000076293945,4.989999771118164,12300,5.159999847412109,5.150000095367432,2.4183480739593506
05-01-2011,4.960000038146973,4.960000038146973,5900,5.190000057220459,5.0,2.347910165786743
06-01-2011,4.320000171661377,4.900000095367432,116800,4.909999847412109,4.429999828338623,2.0802485942840576
07-01-2011,4.360000133514404,4.449999809265137,24900,4.5,4.409999847412109,2.070857048034668
10-01-2011,4.349999904632568,4.579999923706055,21300,4.579999923706055,4.369999885559082,2.0520739555358887
11-01-2011,4.380000114440918,4.440000057220459,26800,4.75,4.579999923706055,2.1506855487823486
12-01-2011,4.550000190734863,4.630000114440918,21400,4.800000190734863,4.699999809265137,2.2070350646972656
13-01-2011,4.670000076293945,4.760000228881836,4200,4.869999885559082,4.699999809265137,2.2070350646972656
14-01-2011,4.650000095367432,4.760000228881836,1300,4.760000228881836,4.650000095367432,2.1835570335388184
18-01-2011,4.679999828338623,4.78000020980835,7100,4.840000152587891,4.840000152587891,2.2727773189544678
19-01-2011,4.650000095367432,4.789999961853027,3100,4.889999866485596,4.869999885559082,2.286864757537842
20-01-2011,4.710000038146973,4.769999980926514,5500,4.889999866485596,4.889999866485596,2.2962560653686523
21-01-2011,4.800000190734863,4.829999923706055,12700,4.889999866485596,4.889999866485596,2.2962560653686523
24-01-2011,4.869999885559082,4.900000095367432,69800,4.949999809265137,4.949999809265137,2.3244311809539795
25-01-2011,4.900000095367432,5.0,38000,5.0,5.0,2.347910165786743
26-01-2011,4.960000038146973,5.0,29200,5.050000190734863,5.050000190734863,2.371389389038086
27-01-2011,4.760000228881836,4.869999885559082,30700,5.039999961853027,4.940000057220459,2.319735288619995
28-01-2011,4.789999961853027,4.909999847412109,2600,4.909999847412109,4.800000190734863,2.2539944648742676
31-01-2011,4.75,4.760000228881836,1900,4.980000019073486,4.760000228881836,2.23521089553833
01-02-2011,4.760000228881836,4.840000152587891,500,4.900000095367432,4.760000228881836,2.23521089553833
02-02-2011,4.739999771118164,4.739999771118164,400,4.75,4.75,2.230515241622925
03-02-2011,4.75,4.75,2900,4.849999904632568,4.78000020980835,2.244602680206299
04-02-2011,4.760000228881836,4.760000228881836,300,4.760000228881836,4.760000228881836,2.23521089553833
07-02-2011,4.869999885559082,4.96999979019165,9700,4.980000019073486,4.96999979019165,2.3338232040405273
08-02-2011,4.880000114440918,4.949999809265137,20500,5.099999904632568,5.059999942779541,2.3760855197906494
09-02-2011,4.980000019073486,5.050000190734863,42200,5.050000190734863,5.050000190734863,2.371389389038086
10-02-2011,4.980000019073486,5.050000190734863,37900,5.050000190734863,5.0,2.347910165786743
11-02-2011,4.849999904632568,4.849999904632568,13900,5.0,4.960000038146973,2.3291265964508057
14-02-2011,4.980000019073486,4.980000019073486,19000,5.050000190734863,5.039999961853027,2.3666937351226807
15-02-2011,5.0,5.0,2700,5.050000190734863,5.050000190734863,2.371389389038086
16-02-2011,4.989999771118164,5.0,95500,5.010000228881836,5.010000228881836,2.3526060581207275
17-02-2011,4.960000038146973,5.0,21400,5.059999942779541,5.0,2.347910165786743
18-02-2011,4.960000038146973,5.0,15600,5.0,5.0,2.347910165786743
22-02-2011,4.800000190734863,4.900000095367432,6400,4.96999979019165,4.920000076293945,2.3103442192077637
23-02-2011,4.909999847412109,4.980000019073486,175500,5.059999942779541,5.059999942779541,2.3760855197906494
24-02-2011,4.909999847412109,5.03000020980835,19800,5.050000190734863,5.010000228881836,2.3526060581207275
25-02-2011,5.0,5.019999980926514,600,5.050000190734863,5.050000190734863,2.371389389038086
28-02-2011,4.809999942779541,5.090000152587891,5500,5.090000152587891,5.019999980926514,2.357301712036133
01-03-2011,4.920000076293945,5.039999961853027,57000,5.070000171661377,4.989999771118164,2.3432140350341797
02-03-2011,4.980000019073486,4.980000019073486,17100,5.03000020980835,5.0,2.347910165786743
03-03-2011,4.920000076293945,4.989999771118164,10500,5.070000171661377,4.960000038146973,2.3291265964508057
04-03-2011,4.949999809265137,5.010000228881836,1500,5.010000228881836,4.960000038146973,2.3291265964508057
07-03-2011,4.75,4.949999809265137,6800,4.949999809265137,4.75,2.230515241622925
08-03-2011,4.849999904632568,4.949999809265137,300,4.949999809265137,4.849999904632568,2.277472972869873
09-03-2011,4.900000095367432,4.900000095367432,2600,5.0,5.0,2.3625237941741943
10-03-2011,4.710000038146973,4.710000038146973,600,4.940000057220459,4.940000057220459,2.3341734409332275
11-03-2011,4.75,4.75,1900,4.989999771118164,4.980000019073486,2.353074073791504
14-03-2011,4.75,4.800000190734863,6600,4.940000057220459,4.940000057220459,2.3341734409332275
15-03-2011,4.75,4.78000020980835,20300,4.800000190734863,4.78000020980835,2.258573532104492
16-03-2011,4.760000228881836,4.800000190734863,1500,4.920000076293945,4.920000076293945,2.3247241973876953
17-03-2011,4.800000190734863,4.880000114440918,6700,4.900000095367432,4.900000095367432,2.3152737617492676
18-03-2011,4.800000190734863,4.880000114440918,900,4.889999866485596,4.800000190734863,2.2680234909057617
21-03-2011,4.840000152587891,4.840000152587891,6600,5.0,5.0,2.3625237941741943
22-03-2011,4.989999771118164,4.989999771118164,4400,5.03000020980835,5.0,2.3625237941741943
23-03-2011,5.0,5.0,0,5.0,5.0,2.3625237941741943
24-03-2011,4.800000190734863,5.03000020980835,3400,5.03000020980835,4.980000019073486,2.353074073791504
25-03-2011,5.03000020980835,5.03000020980835,1000,5.03000020980835,5.03000020980835,2.3766989707946777
28-03-2011,4.840000152587891,5.03000020980835,6200,5.039999961853027,5.039999961853027,2.3814241886138916
29-03-2011,4.840000152587891,4.96999979019165,1100,4.989999771118164,4.900000095367432,2.3152737617492676
30-03-2011,4.820000171661377,4.900000095367432,1600,5.03000020980835,4.900000095367432,2.3152737617492676
31-03-2011,4.769999980926514,4.889999866485596,4500,4.889999866485596,4.840000152587891,2.2869231700897217
01-04-2011,4.809999942779541,4.880000114440918,600,4.880000114440918,4.809999942779541,2.2727479934692383
04-04-2011,4.929999828338623,4.929999828338623,7600,4.929999828338623,4.929999828338623,2.3294484615325928
05-04-2011,4.929999828338623,4.929999828338623,62500,5.0,5.0,2.3625237941741943
06-04-2011,4.949999809265137,5.0,2700,5.0,4.949999809265137,2.3388984203338623
07-04-2011,4.929999828338623,4.949999809265137,2000,4.949999809265137,4.929999828338623,2.3294484615325928
08-04-2011,4.829999923706055,4.940000057220459,1300,4.940000057220459,4.829999923706055,2.282197952270508
11-04-2011,4.829999923706055,4.829999923706055,700,4.949999809265137,4.900000095367432,2.3152737617492676
12-04-2011,4.829999923706055,4.900000095367432,8000,4.900000095367432,4.860000133514404,2.296372890472412
13-04-2011,4.829999923706055,4.940000057220459,600,4.940000057220459,4.829999923706055,2.282197952270508
14-04-2011,4.829999923706055,4.829999923706055,500,4.829999923706055,4.829999923706055,2.282197952270508
15-04-2011,4.829999923706055,4.829999923706055,3600,4.900000095367432,4.900000095367432,2.3152737617492676
18-04-2011,4.840000152587891,4.940000057220459,2600,4.940000057220459,4.840000152587891,2.2869231700897217
19-04-2011,4.400000095367432,4.869999885559082,2400,4.869999885559082,4.599999904632568,2.1735222339630127
20-04-2011,4.699999809265137,4.699999809265137,2600,4.829999923706055,4.760000228881836,2.2491230964660645
21-04-2011,4.840000152587891,4.869999885559082,2600,4.869999885559082,4.869999885559082,2.301098346710205
25-04-2011,4.849999904632568,4.849999904632568,800,4.900000095367432,4.880000114440918,2.3058228492736816
26-04-2011,4.820000171661377,4.869999885559082,600,4.869999885559082,4.820000171661377,2.277472734451294
27-04-2011,4.809999942779541,4.809999942779541,4900,4.860000133514404,4.849999904632568,2.2916481494903564
28-04-2011,4.829999923706055,4.829999923706055,200,4.829999923706055,4.829999923706055,2.282197952270508
29-04-2011,4.789999961853027,4.789999961853027,100,4.789999961853027,4.789999961853027,2.2632980346679688
02-05-2011,4.760000228881836,4.760000228881836,2000,4.78000020980835,4.78000020980835,2.258573532104492
03-05-2011,4.650000095367432,4.650000095367432,4400,4.860000133514404,4.71999979019165,2.230222463607788
04-05-2011,4.570000171661377,4.599999904632568,6800,4.699999809265137,4.699999809265137,2.2207720279693604
05-05-2011,4.699999809265137,4.769999980926514,1300,4.78000020980835,4.699999809265137,2.2207720279693604
06-05-2011,4.659999847412109,4.679999828338623,600,4.739999771118164,4.739999771118164,2.2396717071533203
09-05-2011,4.639999866485596,4.639999866485596,4500,4.760000228881836,4.75,2.2443981170654297
10-05-2011,4.75,4.75,8200,4.900000095367432,4.809999942779541,2.2727479934692383
11-05-2011,4.809999942779541,4.809999942779541,0,4.809999942779541,4.809999942779541,2.2727479934692383
12-05-2011,4.809999942779541,4.809999942779541,0,4.809999942779541,4.809999942779541,2.2727479934692383
13-05-2011,4.429999828338623,4.429999828338623,700,4.829999923706055,4.829999923706055,2.282197952270508
16-05-2011,4.71999979019165,4.78000020980835,2700,4.78000020980835,4.75,2.2443981170654297
17-05-2011,4.53000020980835,4.739999771118164,5400,4.739999771118164,4.639999866485596,2.1924219131469727
18-05-2011,4.590000152587891,4.590000152587891,1300,4.739999771118164,4.71999979019165,2.230222463607788
19-05-2011,4.710000038146973,4.710000038146973,700,4.840000152587891,4.840000152587891,2.2869231700897217
20-05-2011,4.739999771118164,4.800000190734863,3100,4.800000190734863,4.800000190734863,2.2680234909057617
23-05-2011,4.849999904632568,4.880000114440918,13300,4.940000057220459,4.900000095367432,2.3152737617492676
24-05-2011,4.889999866485596,4.900000095367432,2800,4.900000095367432,4.900000095367432,2.3152737617492676
25-05-2011,4.849999904632568,4.889999866485596,5200,4.949999809265137,4.900000095367432,2.3152737617492676
26-05-2011,4.849999904632568,4.920000076293945,4200,4.949999809265137,4.949999809265137,2.3388984203338623
27-05-2011,4.940000057220459,4.949999809265137,9700,4.949999809265137,4.949999809265137,2.3388984203338623
31-05-2011,4.900000095367432,4.929999828338623,4300,4.940000057220459,4.929999828338623,2.3294484615325928
01-06-2011,4.900000095367432,4.949999809265137,24000,4.949999809265137,4.900000095367432,2.3152737617492676
02-06-2011,4.889999866485596,4.909999847412109,6800,5.050000190734863,4.889999866485596,2.3105480670928955
03-06-2011,4.860000133514404,4.860000133514404,2100,4.920000076293945,4.909999847412109,2.3199987411499023
06-06-2011,4.880000114440918,4.889999866485596,1300,4.900000095367432,4.900000095367432,2.3152737617492676
07-06-2011,4.78000020980835,4.949999809265137,27000,4.949999809265137,4.800000190734863,2.2680234909057617
08-06-2011,4.829999923706055,4.829999923706055,3800,4.920000076293945,4.860000133514404,2.296372890472412
09-06-2011,4.78000020980835,4.860000133514404,700,4.980000019073486,4.920000076293945,2.3247241973876953
10-06-2011,4.789999961853027,4.889999866485596,5400,4.949999809265137,4.809999942779541,2.2727479934692383
13-06-2011,4.650000095367432,4.78000020980835,35600,4.800000190734863,4.75,2.2443981170654297
14-06-2011,4.75,4.769999980926514,10600,4.920000076293945,4.78000020980835,2.258573532104492
15-06-2011,4.760000228881836,4.760000228881836,10800,4.929999828338623,4.929999828338623,2.344160795211792
16-06-2011,4.849999904632568,4.849999904632568,1300,4.920000076293945,4.920000076293945,2.3394062519073486
17-06-2011,4.800000190734863,4.860000133514404,1700,4.889999866485596,4.880000114440918,2.320385694503784
20-06-2011,4.849999904632568,4.909999847412109,5300,4.929999828338623,4.929999828338623,2.344160795211792
21-06-2011,4.800000190734863,4.929999828338623,6500,4.949999809265137,4.949999809265137,2.353670120239258
22-06-2011,4.809999942779541,4.949999809265137,600,4.989999771118164,4.989999771118164,2.372690200805664
23-06-2011,4.800000190734863,4.849999904632568,5200,5.0,4.989999771118164,2.372690200805664
24-06-2011,4.929999828338623,4.960000038146973,5600,5.0,4.949999809265137,2.353670120239258
27-06-2011,4.920000076293945,4.949999809265137,300,4.949999809265137,4.920000076293945,2.3394062519073486
28-06-2011,4.829999923706055,4.940000057220459,900,4.940000057220459,4.849999904632568,2.306121587753296
29-06-2011,4.849999904632568,4.849999904632568,0,4.849999904632568,4.849999904632568,2.306121587753296
30-06-2011,4.849999904632568,4.849999904632568,0,4.849999904632568,4.849999904632568,2.306121587753296
01-07-2011,4.929999828338623,4.929999828338623,400,4.929999828338623,4.929999828338623,2.344160795211792
05-07-2011,4.75,4.929999828338623,6900,4.929999828338623,4.75,2.258572816848755
06-07-2011,4.710000038146973,4.760000228881836,4700,4.760000228881836,4.710000038146973,2.2395527362823486
07-07-2011,4.710000038146973,4.710000038146973,3500,4.78000020980835,4.75,2.258572816848755
08-07-2011,4.769999980926514,4.800000190734863,1100,4.849999904632568,4.800000190734863,2.2823476791381836
11-07-2011,4.789999961853027,4.789999961853027,1000,4.800000190734863,4.800000190734863,2.2823476791381836
12-07-2011,4.800000190734863,4.800000190734863,0,4.800000190734863,4.800000190734863,2.2823476791381836
13-07-2011,4.800000190734863,4.840000152587891,7800,4.929999828338623,4.800000190734863,2.2823476791381836
14-07-2011,4.800000190734863,4.800000190734863,0,4.800000190734863,4.800000190734863,2.2823476791381836
15-07-2011,4.760000228881836,4.929999828338623,4000,4.929999828338623,4.860000133514404,2.3108766078948975
18-07-2011,4.849999904632568,4.849999904632568,900,4.860000133514404,4.860000133514404,2.3108766078948975
19-07-2011,4.849999904632568,4.849999904632568,1800,4.900000095367432,4.900000095367432,2.3298966884613037
20-07-2011,4.849999904632568,4.849999904632568,900,4.929999828338623,4.929999828338623,2.344160795211792
21-07-2011,4.800000190734863,4.920000076293945,2300,4.929999828338623,4.909999847412109,2.334650993347168
22-07-2011,4.909999847412109,4.909999847412109,0,4.909999847412109,4.909999847412109,2.334650993347168
25-07-2011,4.699999809265137,4.860000133514404,16100,4.880000114440918,4.849999904632568,2.306121587753296
26-07-2011,4.710000038146973,4.760000228881836,7500,4.840000152587891,4.78000020980835,2.2728376388549805
27-07-2011,4.75,4.78000020980835,6600,4.849999904632568,4.800000190734863,2.2823476791381836
28-07-2011,4.739999771118164,4.78000020980835,2300,4.849999904632568,4.800000190734863,2.2823476791381836
29-07-2011,4.840000152587891,4.849999904632568,1000,4.909999847412109,4.840000152587891,2.3013668060302734
01-08-2011,4.769999980926514,4.769999980926514,2800,4.909999847412109,4.909999847412109,2.334650993347168
02-08-2011,4.769999980926514,4.849999904632568,700,4.849999904632568,4.840000152587891,2.3013668060302734
03-08-2011,4.670000076293945,4.710000038146973,5900,4.869999885559082,4.869999885559082,2.315631628036499
04-08-2011,4.75,4.75,2100,4.829999923706055,4.800000190734863,2.2823476791381836
05-08-2011,4.75,4.78000020980835,2700,4.829999923706055,4.829999923706055,2.2966115474700928
08-08-2011,4.599999904632568,4.650000095367432,4700,4.800000190734863,4.599999904632568,2.1872498989105225
09-08-2011,4.079999923706055,4.71999979019165,5900,4.75,4.420000076293945,2.101660966873169
10-08-2011,4.090000152587891,4.090000152587891,5400,4.730000019073486,4.440000057220459,2.111171245574951
11-08-2011,4.269999980926514,4.400000095367432,9200,4.579999923706055,4.570000171661377,2.172985076904297
12-08-2011,4.570000171661377,4.570000171661377,0,4.570000171661377,4.570000171661377,2.172985076904297
15-08-2011,4.559999942779541,4.559999942779541,1200,4.75,4.75,2.258572816848755
16-08-2011,4.75,4.75,0,4.75,4.75,2.258572816848755
17-08-2011,4.630000114440918,4.679999828338623,200,4.679999828338623,4.630000114440918,2.2015140056610107
18-08-2011,4.300000190734863,4.329999923706055,3800,4.329999923706055,4.320000171661377,2.0541129112243652
19-08-2011,4.179999828338623,4.320000171661377,10000,4.320000171661377,4.239999771118164,2.01607346534729
22-08-2011,3.9200000762939453,4.260000228881836,7100,4.269999980926514,3.9200000762939453,1.8639172315597534
23-08-2011,3.5999999046325684,3.950000047683716,15600,4.03000020980835,4.0,1.9019564390182495
24-08-2011,3.799999952316284,3.9700000286102295,3300,4.010000228881836,3.880000114440918,1.8448976278305054
25-08-2011,3.9000000953674316,3.9000000953674316,6600,4.050000190734863,4.050000190734863,1.9257307052612305
26-08-2011,3.940000057220459,3.940000057220459,4500,4.110000133514404,4.110000133514404,1.9542607069015503
29-08-2011,4.019999980926514,4.099999904632568,18000,4.28000020980835,4.28000020980835,2.035093307495117
30-08-2011,4.090000152587891,4.130000114440918,1700,4.300000190734863,4.300000190734863,2.044602632522583
31-08-2011,4.079999923706055,4.210000038146973,1000,4.210000038146973,4.150000095367432,1.9732788801193237
01-09-2011,4.119999885559082,4.170000076293945,200,4.170000076293945,4.119999885559082,1.9590150117874146
02-09-2011,4.130000114440918,4.130000114440918,700,4.150000095367432,4.150000095367432,1.9732788801193237
06-09-2011,4.039999961853027,4.119999885559082,7900,4.230000019073486,4.230000019073486,2.0113186836242676
07-09-2011,4.070000171661377,4.210000038146973,1200,4.21999979019165,4.21999979019165,2.006563425064087
08-09-2011,4.150000095367432,4.190000057220459,800,4.190000057220459,4.150000095367432,1.9732788801193237
09-09-2011,4.110000133514404,4.110000133514404,1000,4.150000095367432,4.150000095367432,1.9732788801193237
12-09-2011,4.019999980926514,4.110000133514404,3100,4.150000095367432,4.150000095367432,1.9732788801193237
13-09-2011,4.150000095367432,4.150000095367432,2400,4.179999828338623,4.150000095367432,1.9732788801193237
14-09-2011,4.150000095367432,4.199999809265137,3400,4.199999809265137,4.150000095367432,1.987647533416748
15-09-2011,4.059999942779541,4.150000095367432,22600,4.579999923706055,4.269999980926514,2.0451221466064453
16-09-2011,4.150000095367432,4.309999942779541,4000,4.309999942779541,4.150000095367432,1.987647533416748
19-09-2011,4.110000133514404,4.110000133514404,800,4.309999942779541,4.300000190734863,2.059490442276001
20-09-2011,4.360000133514404,4.539999961853027,1600,4.539999961853027,4.360000133514404,2.0882277488708496
21-09-2011,4.340000152587891,4.429999828338623,800,4.429999828338623,4.340000152587891,2.078648805618286
22-09-2011,3.930000066757202,3.930000066757202,300,3.950000047683716,3.950000047683716,1.891857385635376
23-09-2011,3.950000047683716,3.950000047683716,0,3.950000047683716,3.950000047683716,1.891857385635376
26-09-2011,3.740000009536743,3.9800000190734863,4300,4.03000020980835,3.8399999141693115,1.8391731977462769
27-09-2011,3.609999895095825,3.740000009536743,4200,3.9000000953674316,3.609999895095825,1.7290143966674805
28-09-2011,3.1500000953674316,3.609999895095825,12700,3.609999895095825,3.5899999141693115,1.7194353342056274
29-09-2011,3.4200000762939453,3.4200000762939453,1200,3.5199999809265137,3.509999990463257,1.6811188459396362
30-09-2011,3.5899999141693115,3.609999895095825,1800,3.6700000762939453,3.6600000858306885,1.7529621124267578
03-10-2011,3.390000104904175,3.4200000762939453,1600,3.4200000762939453,3.4000000953674316,1.6284339427947998
04-10-2011,3.299999952316284,3.380000114440918,2600,3.380000114440918,3.369999885559082,1.6140657663345337
05-10-2011,3.3499999046325684,3.3499999046325684,3900,3.619999885559082,3.549999952316284,1.7002770900726318
06-10-2011,3.5299999713897705,3.5299999713897705,100,3.5299999713897705,3.5299999713897705,1.6906977891921997
07-10-2011,3.3399999141693115,3.5799999237060547,1500,3.5799999237060547,3.3399999141693115,1.5996975898742676
10-10-2011,3.359999895095825,3.619999885559082,800,3.619999885559082,3.440000057220459,1.6475926637649536
11-10-2011,3.4600000381469727,3.5299999713897705,3100,3.640000104904175,3.5799999237060547,1.7146457433700562
12-10-2011,3.5799999237060547,3.5799999237060547,0,3.5799999237060547,3.5799999237060547,1.7146457433700562
13-10-2011,3.5799999237060547,3.5799999237060547,0,3.5799999237060547,3.5799999237060547,1.7146457433700562
14-10-2011,3.5799999237060547,3.5799999237060547,0,3.5799999237060547,3.5799999237060547,1.7146457433700562
17-10-2011,3.450000047683716,3.450000047683716,300,3.5399999618530273,3.5399999618530273,1.6954877376556396
18-10-2011,3.5399999618530273,3.5399999618530273,0,3.5399999618530273,3.5399999618530273,1.6954877376556396
19-10-2011,3.4200000762939453,3.430000066757202,1000,3.440000057220459,3.4200000762939453,1.638013243675232
20-10-2011,3.359999895095825,3.4200000762939453,5000,3.430000066757202,3.4000000953674316,1.6284339427947998
21-10-2011,3.369999885559082,3.369999885559082,100,3.369999885559082,3.369999885559082,1.6140657663345337
24-10-2011,3.369999885559082,3.369999885559082,500,3.4200000762939453,3.4200000762939453,1.638013243675232
25-10-2011,3.3499999046325684,3.3499999046325684,8400,3.549999952316284,3.5,1.6763296127319336
26-10-2011,3.440000057220459,3.5,5000,3.569999933242798,3.5,1.6763296127319336
27-10-2011,3.3499999046325684,3.450000047683716,4200,3.549999952316284,3.4800000190734863,1.6667503118515015
28-10-2011,3.430000066757202,3.430000066757202,1000,3.509999990463257,3.5,1.6763296127319336
31-10-2011,3.319999933242798,3.380000114440918,1300,3.549999952316284,3.509999990463257,1.6811188459396362
01-11-2011,3.4700000286102295,3.5,3600,3.5,3.4800000190734863,1.6667503118515015
02-11-2011,3.4800000190734863,3.4800000190734863,0,3.4800000190734863,3.4800000190734863,1.6667503118515015
03-11-2011,3.4800000190734863,3.4800000190734863,0,3.4800000190734863,3.4800000190734863,1.6667503118515015
04-11-2011,3.4800000190734863,3.4800000190734863,0,3.4800000190734863,3.4800000190734863,1.6667503118515015
07-11-2011,3.359999895095825,3.369999885559082,2900,3.5,3.4200000762939453,1.638013243675232
08-11-2011,3.4200000762939453,3.4200000762939453,0,3.4200000762939453,3.4200000762939453,1.638013243675232
09-11-2011,3.5,3.5,700,3.549999952316284,3.549999952316284,1.7002770900726318
10-11-2011,3.549999952316284,3.640000104904175,1000,3.6500000953674316,3.549999952316284,1.7002770900726318
11-11-2011,3.549999952316284,3.549999952316284,200,3.6600000858306885,3.6600000858306885,1.7529621124267578
14-11-2011,3.559999942779541,3.6500000953674316,1400,3.6500000953674316,3.569999933242798,1.7098561525344849
15-11-2011,3.569999933242798,3.569999933242798,0,3.569999933242798,3.569999933242798,1.7098561525344849
16-11-2011,3.5299999713897705,3.609999895095825,10900,3.630000114440918,3.5299999713897705,1.6906977891921997
17-11-2011,3.549999952316284,3.630000114440918,2500,3.630000114440918,3.549999952316284,1.7002770900726318
18-11-2011,3.549999952316284,3.549999952316284,0,3.549999952316284,3.549999952316284,1.7002770900726318
21-11-2011,3.559999942779541,3.6700000762939453,2900,3.680000066757202,3.5999999046325684,1.7242249250411987
22-11-2011,3.700000047683716,3.799999952316284,29100,3.799999952316284,3.799999952316284,1.8200154304504395
23-11-2011,3.7899999618530273,3.7899999618530273,2000,3.799999952316284,3.799999952316284,1.8200154304504395
25-11-2011,3.5999999046325684,3.6500000953674316,1600,3.6500000953674316,3.5999999046325684,1.7242249250411987
28-11-2011,3.609999895095825,3.700000047683716,400,3.700000047683716,3.609999895095825,1.7290143966674805
29-11-2011,3.5999999046325684,3.5999999046325684,700,3.5999999046325684,3.5999999046325684,1.7242249250411987
30-11-2011,3.5899999141693115,3.5899999141693115,2300,3.5999999046325684,3.5999999046325684,1.7242249250411987
01-12-2011,3.5999999046325684,3.5999999046325684,0,3.5999999046325684,3.5999999046325684,1.7242249250411987
02-12-2011,3.6500000953674316,3.700000047683716,1200,3.75,3.6500000953674316,1.7481720447540283
05-12-2011,3.5999999046325684,3.5999999046325684,200,3.5999999046325684,3.5999999046325684,1.7242249250411987
06-12-2011,3.640000104904175,3.6500000953674316,1300,3.6500000953674316,3.6500000953674316,1.7481720447540283
07-12-2011,3.6500000953674316,3.6500000953674316,0,3.6500000953674316,3.6500000953674316,1.7481720447540283
08-12-2011,3.559999942779541,3.6500000953674316,1400,3.7899999618530273,3.609999895095825,1.7290143966674805
09-12-2011,3.559999942779541,3.559999942779541,200,3.559999942779541,3.559999942779541,1.7050670385360718
12-12-2011,3.2799999713897705,3.5899999141693115,15300,3.690000057220459,3.3299999237060547,1.5949079990386963
13-12-2011,3.380000114440918,3.440000057220459,14500,3.549999952316284,3.4600000381469727,1.657171368598938
14-12-2011,3.3499999046325684,3.3499999046325684,4800,3.549999952316284,3.450000047683716,1.671708583831787
15-12-2011,3.359999895095825,3.4200000762939453,1100,3.4200000762939453,3.359999895095825,1.6280981302261353
16-12-2011,3.2100000381469727,3.3399999141693115,6500,3.390000104904175,3.3299999237060547,1.613561987876892
19-12-2011,3.299999952316284,3.3399999141693115,1000,3.3399999141693115,3.309999942779541,1.6038708686828613
20-12-2011,3.299999952316284,3.299999952316284,900,3.3399999141693115,3.3299999237060547,1.613561987876892
21-12-2011,3.319999933242798,3.319999933242798,300,3.319999933242798,3.319999933242798,1.6087164878845215
22-12-2011,3.2200000286102295,3.3499999046325684,10300,3.7799999713897705,3.319999933242798,1.6087164878845215
23-12-2011,3.240000009536743,3.3499999046325684,11900,3.450000047683716,3.299999952316284,1.5990248918533325
27-12-2011,3.2799999713897705,3.5299999713897705,2500,3.5299999713897705,3.2799999713897705,1.5893341302871704
28-12-2011,3.25,3.369999885559082,6400,3.4800000190734863,3.390000104904175,1.6426352262496948
29-12-2011,3.3399999141693115,3.5299999713897705,2800,3.5299999713897705,3.450000047683716,1.671708583831787
30-12-2011,3.2699999809265137,3.380000114440918,7700,3.4200000762939453,3.2899999618530273,1.5941795110702515
03-01-2012,3.390000104904175,3.390000104904175,800,3.5199999809265137,3.5199999809265137,1.7056270837783813
04-01-2012,3.5199999809265137,3.5199999809265137,700,3.549999952316284,3.549999952316284,1.720163345336914
05-01-2012,3.549999952316284,3.549999952316284,3500,3.700000047683716,3.700000047683716,1.7928465604782104
06-01-2012,3.7799999713897705,3.809999942779541,1100,3.819999933242798,3.7799999713897705,1.8316107988357544
09-01-2012,3.819999933242798,3.9700000286102295,11700,4.130000114440918,3.8499999046325684,1.86552894115448
10-01-2012,3.9700000286102295,3.9800000190734863,43700,4.050000190734863,4.0,1.938212513923645
11-01-2012,3.799999952316284,4.050000190734863,9700,4.050000190734863,3.799999952316284,1.8413015604019165
12-01-2012,3.869999885559082,3.869999885559082,200,3.869999885559082,3.869999885559082,1.8752199411392212
13-01-2012,3.119999885559082,4.019999980926514,20800,4.019999980926514,3.5999999046325684,1.7443913221359253
17-01-2012,3.8299999237060547,3.8299999237060547,500,3.890000104904175,3.8299999237060547,1.8558381795883179
18-01-2012,3.8299999237060547,3.8299999237060547,5300,4.0,3.9000000953674316,1.8897571563720703
19-01-2012,3.9200000762939453,3.9200000762939453,100,3.9200000762939453,3.9200000762939453,1.899448275566101
20-01-2012,3.609999895095825,3.7200000286102295,1000,3.809999942779541,3.7699999809265137,1.8267645835876465
23-01-2012,3.7799999713897705,3.7799999713897705,700,4.0,3.9000000953674316,1.8897571563720703
24-01-2012,3.75,3.869999885559082,7900,3.869999885559082,3.759999990463257,1.821919322013855
25-01-2012,3.75,3.75,6500,4.03000020980835,3.9700000286102295,1.9236760139465332
26-01-2012,3.950000047683716,4.0,4600,4.0,3.9600000381469727,1.918830394744873
27-01-2012,3.930000066757202,3.990000009536743,2000,3.990000009536743,3.930000066757202,1.9042938947677612
30-01-2012,3.940000057220459,4.0,5300,4.0,3.950000047683716,1.913984775543213
31-01-2012,3.9100000858306885,3.9800000190734863,4800,3.9800000190734863,3.9200000762939453,1.899448275566101
01-02-2012,3.880000114440918,3.9000000953674316,700,3.9000000953674316,3.880000114440918,1.88006591796875
02-02-2012,3.8499999046325684,3.8499999046325684,13400,3.940000057220459,3.9100000858306885,1.8946025371551514
03-02-2012,3.880000114440918,4.0,4300,4.0,3.9700000286102295,1.9236760139465332
06-02-2012,3.569999933242798,3.9600000381469727,15300,3.990000009536743,3.890000104904175,1.8849118947982788
07-02-2012,3.9100000858306885,3.950000047683716,4100,3.990000009536743,3.9600000381469727,1.918830394744873
08-02-2012,3.9000000953674316,3.9700000286102295,4500,3.9700000286102295,3.9000000953674316,1.8897571563720703
09-02-2012,3.869999885559082,3.930000066757202,4300,3.930000066757202,3.930000066757202,1.9042938947677612
10-02-2012,3.880000114440918,3.9000000953674316,4300,3.9000000953674316,3.9000000953674316,1.8897571563720703
13-02-2012,3.759999990463257,3.869999885559082,3900,3.9000000953674316,3.799999952316284,1.8413015604019165
14-02-2012,3.8499999046325684,3.8499999046325684,1200,3.9000000953674316,3.9000000953674316,1.8897571563720703
15-02-2012,4.0,4.0,52900,4.400000095367432,4.150000095367432,2.010895013809204
16-02-2012,4.099999904632568,4.150000095367432,32500,4.190000057220459,4.099999904632568,1.9866676330566406
17-02-2012,4.099999904632568,4.110000133514404,7400,4.25,4.110000133514404,1.991513967514038
21-02-2012,4.079999923706055,4.199999809265137,12800,4.199999809265137,4.079999923706055,1.9769763946533203
22-02-2012,4.079999923706055,4.079999923706055,1700,4.239999771118164,4.099999904632568,1.9866676330566406
23-02-2012,4.110000133514404,4.179999828338623,3800,4.199999809265137,4.190000057220459,2.030277729034424
24-02-2012,4.190000057220459,4.190000057220459,11500,4.25,4.199999809265137,2.035123109817505
27-02-2012,4.199999809265137,4.25,12800,4.25,4.199999809265137,2.035123109817505
28-02-2012,4.199999809265137,4.21999979019165,7800,4.239999771118164,4.199999809265137,2.035123109817505
29-02-2012,4.199999809265137,4.239999771118164,9700,4.25,4.25,2.0593502521514893
01-03-2012,4.119999885559082,4.25,23500,4.340000152587891,4.130000114440918,2.001204490661621
02-03-2012,4.199999809265137,4.199999809265137,8000,4.25,4.199999809265137,2.035123109817505
05-03-2012,4.110000133514404,4.239999771118164,8200,4.349999904632568,4.110000133514404,1.991513967514038
06-03-2012,4.050000190734863,4.099999904632568,7500,4.480000019073486,4.119999885559082,1.9963583946228027
07-03-2012,4.130000114440918,4.130000114440918,11200,4.289999961853027,4.25,2.0593502521514893
08-03-2012,4.170000076293945,4.170000076293945,5800,4.349999904632568,4.300000190734863,2.083578586578369
09-03-2012,4.25,4.25,2000,4.400000095367432,4.400000095367432,2.132033348083496
12-03-2012,4.179999828338623,4.349999904632568,14700,4.349999904632568,4.179999828338623,2.025432825088501
13-03-2012,4.190000057220459,4.190000057220459,8500,4.349999904632568,4.28000020980835,2.073887586593628
14-03-2012,4.150000095367432,4.320000171661377,7600,4.320000171661377,4.269999980926514,2.0885605812072754
15-03-2012,4.190000057220459,4.269999980926514,6200,4.300000190734863,4.300000190734863,2.1032350063323975
16-03-2012,4.139999866485596,4.309999942779541,5900,4.349999904632568,4.139999866485596,2.024975061416626
19-03-2012,4.130000114440918,4.130000114440918,15000,4.300000190734863,4.210000038146973,2.059213399887085
20-03-2012,4.130000114440918,4.210000038146973,4500,4.289999961853027,4.210000038146973,2.059213399887085
21-03-2012,4.150000095367432,4.329999923706055,16300,4.349999904632568,4.289999961853027,2.09834361076355
22-03-2012,4.159999847412109,4.239999771118164,4500,4.260000228881836,4.199999809265137,2.0543224811553955
23-03-2012,4.170000076293945,4.170000076293945,2300,4.349999904632568,4.28000020980835,2.093452215194702
26-03-2012,4.269999980926514,4.269999980926514,3900,4.349999904632568,4.349999904632568,2.127690553665161
27-03-2012,4.800000190734863,4.800000190734863,212300,5.349999904632568,5.349999904632568,2.6168150901794434
28-03-2012,4.980000019073486,5.309999942779541,38500,5.400000095367432,5.170000076293945,2.5287728309631348
29-03-2012,5.0,5.199999809265137,41200,5.409999847412109,5.28000020980835,2.5825765132904053
30-03-2012,5.239999771118164,5.239999771118164,49000,5.400000095367432,5.349999904632568,2.6168150901794434
02-04-2012,5.349999904632568,5.46999979019165,67300,5.480000019073486,5.480000019073486,2.6804018020629883
03-04-2012,5.340000152587891,5.420000076293945,28600,5.480000019073486,5.389999866485596,2.636380195617676
04-04-2012,5.159999847412109,5.389999866485596,15000,5.389999866485596,5.309999942779541,2.597249984741211
05-04-2012,5.349999904632568,5.349999904632568,21700,5.400000095367432,5.400000095367432,2.6412720680236816
09-04-2012,5.349999904632568,5.440000057220459,124200,5.440000057220459,5.400000095367432,2.6412720680236816
10-04-2012,5.0,5.429999828338623,31500,5.440000057220459,5.21999979019165,2.553229808807373
11-04-2012,5.210000038146973,5.21999979019165,18100,5.380000114440918,5.349999904632568,2.6168150901794434
12-04-2012,5.269999980926514,5.389999866485596,30700,5.389999866485596,5.340000152587891,2.611923933029175
13-04-2012,5.329999923706055,5.380000114440918,98000,5.840000152587891,5.670000076293945,2.7733347415924072
16-04-2012,5.369999885559082,5.769999980926514,26700,5.769999980926514,5.449999809265137,2.665727376937866
17-04-2012,5.349999904632568,5.559999942779541,31500,5.599999904632568,5.550000190734863,2.714639902114868
18-04-2012,5.349999904632568,5.489999771118164,21700,5.550000190734863,5.550000190734863,2.714639902114868
19-04-2012,5.409999847412109,5.599999904632568,18400,5.599999904632568,5.550000190734863,2.714639902114868
20-04-2012,5.5,5.650000095367432,47000,5.650000095367432,5.579999923706055,2.729314088821411
23-04-2012,5.5,5.630000114440918,47800,5.630000114440918,5.550000190734863,2.714639902114868
24-04-2012,5.550000190734863,5.590000152587891,32300,5.610000133514404,5.579999923706055,2.729314088821411
25-04-2012,5.53000020980835,5.599999904632568,45200,5.639999866485596,5.599999904632568,2.739096164703369
26-04-2012,5.53000020980835,5.619999885559082,7000,5.619999885559082,5.599999904632568,2.739096164703369
27-04-2012,5.550000190734863,5.619999885559082,74900,5.739999771118164,5.579999923706055,2.729314088821411
30-04-2012,5.550000190734863,5.550000190734863,41000,5.690000057220459,5.639999866485596,2.7586617469787598
01-05-2012,5.559999942779541,5.630000114440918,26000,5.639999866485596,5.599999904632568,2.739096164703369
02-05-2012,5.550000190734863,5.590000152587891,32500,5.690000057220459,5.550000190734863,2.714639902114868
03-05-2012,5.579999923706055,5.599999904632568,19000,5.659999847412109,5.599999904632568,2.739096164703369
04-05-2012,5.550000190734863,5.599999904632568,13800,5.639999866485596,5.570000171661377,2.7244226932525635
07-05-2012,5.559999942779541,5.610000133514404,25000,5.639999866485596,5.559999942779541,2.7195324897766113
08-05-2012,5.550000190734863,5.550000190734863,15500,5.599999904632568,5.559999942779541,2.7195324897766113
09-05-2012,5.369999885559082,5.550000190734863,26000,5.599999904632568,5.539999961853027,2.7097489833831787
10-05-2012,5.400000095367432,5.590000152587891,16000,5.590000152587891,5.400000095367432,2.6412720680236816
11-05-2012,5.440000057220459,5.440000057220459,23100,5.590000152587891,5.550000190734863,2.714639902114868
14-05-2012,5.449999809265137,5.550000190734863,26900,5.550000190734863,5.550000190734863,2.714639902114868
15-05-2012,5.449999809265137,5.539999961853027,13000,5.550000190734863,5.5,2.690183639526367
16-05-2012,5.46999979019165,5.539999961853027,14500,5.550000190734863,5.46999979019165,2.6755099296569824
17-05-2012,5.449999809265137,5.5,15800,5.53000020980835,5.460000038146973,2.670619249343872
18-05-2012,5.349999904632568,5.510000228881836,41500,5.550000190734863,5.389999866485596,2.636380195617676
21-05-2012,5.349999904632568,5.360000133514404,12400,5.409999847412109,5.409999847412109,2.646162271499634
22-05-2012,5.389999866485596,5.389999866485596,8600,5.519999980926514,5.409999847412109,2.646162271499634
23-05-2012,5.409999847412109,5.440000057220459,3600,5.5,5.489999771118164,2.6852927207946777
24-05-2012,5.349999904632568,5.449999809265137,7700,5.5,5.489999771118164,2.6852927207946777
25-05-2012,5.380000114440918,5.460000038146973,9000,5.539999961853027,5.539999961853027,2.7097489833831787
29-05-2012,5.349999904632568,5.550000190734863,11700,5.550000190734863,5.389999866485596,2.636380195617676
30-05-2012,5.449999809265137,5.75,57100,5.75,5.5,2.690183639526367
31-05-2012,5.409999847412109,5.5,39500,5.639999866485596,5.429999828338623,2.65594482421875
01-06-2012,5.349999904632568,5.349999904632568,7000,5.53000020980835,5.46999979019165,2.6755099296569824
04-06-2012,5.369999885559082,5.449999809265137,7200,5.480000019073486,5.46999979019165,2.6755099296569824
05-06-2012,5.380000114440918,5.409999847412109,14600,5.550000190734863,5.460000038146973,2.670619249343872
06-06-2012,5.400000095367432,5.5,4400,5.5,5.409999847412109,2.646162271499634
07-06-2012,5.420000076293945,5.489999771118164,3200,5.489999771118164,5.449999809265137,2.665727376937866
08-06-2012,5.420000076293945,5.429999828338623,26800,5.550000190734863,5.550000190734863,2.714639902114868
11-06-2012,5.480000019073486,5.53000020980835,6400,5.539999961853027,5.539999961853027,2.7097489833831787
12-06-2012,5.5,5.53000020980835,14800,5.579999923706055,5.550000190734863,2.714639902114868
13-06-2012,5.420000076293945,5.420000076293945,5000,5.460000038146973,5.420000076293945,2.689826250076294
14-06-2012,5.389999866485596,5.389999866485596,8300,5.550000190734863,5.519999980926514,2.7394533157348633
15-06-2012,5.420000076293945,5.550000190734863,2400,5.550000190734863,5.519999980926514,2.7394533157348633
18-06-2012,5.429999828338623,5.480000019073486,6200,5.550000190734863,5.46999979019165,2.714639902114868
19-06-2012,5.46999979019165,5.53000020980835,28300,5.550000190734863,5.550000190734863,2.7543420791625977
20-06-2012,5.309999942779541,5.550000190734863,65100,5.550000190734863,5.5,2.7295284271240234
21-06-2012,5.329999923706055,5.550000190734863,25600,5.550000190734863,5.5,2.7295284271240234
22-06-2012,5.420000076293945,5.489999771118164,63500,5.550000190734863,5.550000190734863,2.7543420791625977
25-06-2012,5.300000190734863,5.510000228881836,13400,5.510000228881836,5.389999866485596,2.6749377250671387
26-06-2012,5.28000020980835,5.340000152587891,9100,5.420000076293945,5.28000020980835,2.620347261428833
27-06-2012,5.28000020980835,5.320000171661377,3200,5.510000228881836,5.480000019073486,2.7196037769317627
28-06-2012,5.420000076293945,5.5,13500,5.539999961853027,5.480000019073486,2.7196037769317627
29-06-2012,5.429999828338623,5.539999961853027,22300,5.539999961853027,5.539999961853027,2.7493791580200195
02-07-2012,5.460000038146973,5.489999771118164,22400,5.539999961853027,5.519999980926514,2.7394533157348633
03-07-2012,5.449999809265137,5.539999961853027,4900,5.539999961853027,5.449999809265137,2.704714059829712
05-07-2012,5.340000152587891,5.5,3700,5.5,5.429999828338623,2.694789409637451
06-07-2012,5.449999809265137,5.460000038146973,8100,5.550000190734863,5.46999979019165,2.714639902114868
09-07-2012,5.269999980926514,5.539999961853027,27400,5.550000190734863,5.269999980926514,2.6153855323791504
10-07-2012,5.230000019073486,5.5,54400,5.5,5.25,2.605459451675415
11-07-2012,5.289999961853027,5.289999961853027,12800,5.449999809265137,5.289999961853027,2.6253104209899902
12-07-2012,5.389999866485596,5.389999866485596,3500,5.480000019073486,5.449999809265137,2.704714059829712
13-07-2012,5.409999847412109,5.489999771118164,4800,5.489999771118164,5.449999809265137,2.704714059829712
16-07-2012,5.289999961853027,5.449999809265137,5500,5.489999771118164,5.449999809265137,2.704714059829712
17-07-2012,5.309999942779541,5.429999828338623,9200,5.5,5.340000152587891,2.6501238346099854
18-07-2012,5.400000095367432,5.400000095367432,6600,5.489999771118164,5.480000019073486,2.7196037769317627
19-07-2012,5.420000076293945,5.489999771118164,28800,5.550000190734863,5.5,2.7295284271240234
20-07-2012,5.449999809265137,5.53000020980835,18300,5.550000190734863,5.539999961853027,2.7493791580200195
23-07-2012,5.449999809265137,5.5,15500,5.539999961853027,5.519999980926514,2.7394533157348633
24-07-2012,5.5,5.550000190734863,20100,5.550000190734863,5.5,2.7295284271240234
25-07-2012,5.510000228881836,5.53000020980835,7100,5.579999923706055,5.550000190734863,2.7543420791625977
26-07-2012,5.460000038146973,5.550000190734863,17200,5.570000171661377,5.46999979019165,2.714639902114868
27-07-2012,5.46999979019165,5.510000228881836,11700,5.570000171661377,5.539999961853027,2.7493791580200195
30-07-2012,5.460000038146973,5.550000190734863,10400,5.550000190734863,5.5,2.7295284271240234
31-07-2012,5.510000228881836,5.550000190734863,13700,5.550000190734863,5.510000228881836,2.7344911098480225
01-08-2012,5.420000076293945,5.510000228881836,6400,5.510000228881836,5.480000019073486,2.7196037769317627
02-08-2012,5.480000019073486,5.480000019073486,6200,5.539999961853027,5.480000019073486,2.7196037769317627
03-08-2012,5.400000095367432,5.550000190734863,5800,5.550000190734863,5.53000020980835,2.7444169521331787
06-08-2012,5.460000038146973,5.460000038146973,6800,5.599999904632568,5.5,2.7295284271240234
07-08-2012,5.5,5.53000020980835,4700,5.550000190734863,5.5,2.7295284271240234
08-08-2012,5.53000020980835,5.550000190734863,19300,5.550000190734863,5.550000190734863,2.7543420791625977
09-08-2012,5.5,5.550000190734863,11600,5.550000190734863,5.5,2.7295284271240234
10-08-2012,5.519999980926514,5.550000190734863,3900,5.570000171661377,5.570000171661377,2.764267921447754
13-08-2012,5.400000095367432,5.550000190734863,40700,5.550000190734863,5.440000057220459,2.6997523307800293
14-08-2012,5.449999809265137,5.5,17300,5.550000190734863,5.550000190734863,2.7543420791625977
15-08-2012,5.539999961853027,5.539999961853027,39600,5.619999885559082,5.619999885559082,2.7890822887420654
16-08-2012,5.489999771118164,5.599999904632568,32000,5.599999904632568,5.570000171661377,2.764267921447754
17-08-2012,5.389999866485596,5.650000095367432,34100,5.650000095367432,5.5,2.7295284271240234
20-08-2012,5.420000076293945,5.53000020980835,11300,5.570000171661377,5.570000171661377,2.764267921447754
21-08-2012,5.5,5.550000190734863,16000,5.650000095367432,5.559999942779541,2.759305715560913
22-08-2012,5.510000228881836,5.570000171661377,12200,5.650000095367432,5.519999980926514,2.7394533157348633
23-08-2012,5.510000228881836,5.559999942779541,10500,5.650000095367432,5.510000228881836,2.7344911098480225
24-08-2012,5.53000020980835,5.53000020980835,2100,5.630000114440918,5.570000171661377,2.764267921447754
27-08-2012,5.550000190734863,5.659999847412109,24900,5.75,5.699999809265137,2.828784465789795
28-08-2012,5.639999866485596,5.710000038146973,9800,5.710000038146973,5.699999809265137,2.828784465789795
29-08-2012,5.610000133514404,5.710000038146973,18300,5.710000038146973,5.610000133514404,2.784118413925171
30-08-2012,5.570000171661377,5.679999828338623,26600,5.699999809265137,5.699999809265137,2.828784465789795
31-08-2012,5.679999828338623,5.699999809265137,11100,5.699999809265137,5.699999809265137,2.828784465789795
04-09-2012,5.710000038146973,5.75,38200,5.75,5.75,2.853597640991211
05-09-2012,5.730000019073486,5.739999771118164,52900,5.900000095367432,5.860000133514404,2.908188581466675
06-09-2012,5.849999904632568,5.900000095367432,63400,6.269999980926514,6.110000133514404,3.0322577953338623
07-09-2012,5.980000019073486,6.150000095367432,33300,6.199999809265137,6.150000095367432,3.0521092414855957
10-09-2012,6.199999809265137,6.230000019073486,92600,6.340000152587891,6.289999961853027,3.1215884685516357
11-09-2012,6.230000019073486,6.289999961853027,106200,6.5,6.409999847412109,3.1811416149139404
12-09-2012,6.119999885559082,6.349999904632568,48500,6.429999828338623,6.389999866485596,3.2112932205200195
13-09-2012,6.139999866485596,6.139999866485596,12100,6.440000057220459,6.369999885559082,3.2012436389923096
14-09-2012,6.210000038146973,6.349999904632568,32900,6.489999771118164,6.289999961853027,3.161039113998413
17-09-2012,6.25,6.599999904632568,20600,6.599999904632568,6.28000020980835,3.1560144424438477
18-09-2012,6.289999961853027,6.289999961853027,9500,6.400000095367432,6.360000133514404,3.196218252182007
19-09-2012,6.300000190734863,6.400000095367432,20900,6.400000095367432,6.309999942779541,3.1710898876190186
20-09-2012,6.25,6.309999942779541,10500,6.400000095367432,6.260000228881836,3.145963191986084
21-09-2012,6.170000076293945,6.329999923706055,19100,6.400000095367432,6.289999961853027,3.161039113998413
24-09-2012,6.119999885559082,6.340000152587891,12700,6.349999904632568,6.130000114440918,3.0806314945220947
25-09-2012,6.210000038146973,6.210000038146973,10700,6.400000095367432,6.260000228881836,3.145963191986084
26-09-2012,6.25,6.300000190734863,9200,6.389999866485596,6.28000020980835,3.1560144424438477
27-09-2012,6.25,6.329999923706055,11200,6.360000133514404,6.25,3.1409382820129395
28-09-2012,6.159999847412109,6.190000057220459,7000,6.380000114440918,6.190000057220459,3.1107842922210693
01-10-2012,6.039999961853027,6.039999961853027,22200,6.25,6.190000057220459,3.1107842922210693
02-10-2012,6.170000076293945,6.210000038146973,17900,6.309999942779541,6.170000076293945,3.1007330417633057
03-10-2012,6.199999809265137,6.239999771118164,16600,6.320000171661377,6.21999979019165,3.125861644744873
04-10-2012,6.179999828338623,6.260000228881836,26300,6.269999980926514,6.25,3.1409382820129395
05-10-2012,6.190000057220459,6.309999942779541,38200,6.309999942779541,6.190000057220459,3.1107842922210693
08-10-2012,6.230000019073486,6.239999771118164,18600,6.380000114440918,6.289999961853027,3.161039113998413
09-10-2012,6.25,6.289999961853027,14000,6.309999942779541,6.309999942779541,3.1710898876190186
10-10-2012,6.210000038146973,6.300000190734863,14400,6.340000152587891,6.21999979019165,3.125861644744873
11-10-2012,6.179999828338623,6.179999828338623,6000,6.309999942779541,6.300000190734863,3.1660637855529785
12-10-2012,6.190000057220459,6.300000190734863,21900,6.300000190734863,6.199999809265137,3.1158089637756348
15-10-2012,6.110000133514404,6.190000057220459,9300,6.300000190734863,6.210000038146973,3.120835065841675
16-10-2012,6.03000020980835,6.099999904632568,25500,6.210000038146973,6.039999961853027,3.0354020595550537
17-10-2012,6.090000152587891,6.090000152587891,8600,6.329999923706055,6.239999771118164,3.135911226272583
18-10-2012,6.119999885559082,6.25,6700,6.300000190734863,6.119999885559082,3.0756051540374756
19-10-2012,6.110000133514404,6.150000095367432,9500,6.199999809265137,6.170000076293945,3.1007330417633057
22-10-2012,6.099999904632568,6.210000038146973,12300,6.300000190734863,6.119999885559082,3.0756051540374756
23-10-2012,6.050000190734863,6.070000171661377,5700,6.21999979019165,6.059999942779541,3.0454535484313965
24-10-2012,5.75,6.050000190734863,43900,6.130000114440918,5.920000076293945,2.975095748901367
25-10-2012,5.699999809265137,6.0,29200,6.0,5.78000020980835,2.9047391414642334
26-10-2012,5.610000133514404,5.71999979019165,18300,5.75,5.75,2.8896617889404297
31-10-2012,5.75,5.75,16100,5.960000038146973,5.889999866485596,2.960019111633301
01-11-2012,5.710000038146973,5.860000133514404,15900,6.289999961853027,6.28000020980835,3.1560144424438477
02-11-2012,5.960000038146973,6.099999904632568,46600,6.210000038146973,6.050000190734863,3.0404274463653564
05-11-2012,6.050000190734863,6.090000152587891,9000,6.150000095367432,6.059999942779541,3.0454535484313965
06-11-2012,5.940000057220459,6.130000114440918,247700,6.130000114440918,6.059999942779541,3.0454535484313965
07-11-2012,5.889999866485596,6.019999980926514,22100,6.019999980926514,5.949999809265137,2.9901723861694336
08-11-2012,5.900000095367432,5.960000038146973,12600,6.090000152587891,6.0,3.0152993202209473
09-11-2012,5.909999847412109,5.909999847412109,7000,6.099999904632568,6.0,3.0152993202209473
12-11-2012,5.989999771118164,6.079999923706055,23100,6.139999866485596,6.03000020980835,3.0303761959075928
13-11-2012,5.900000095367432,6.110000133514404,10800,6.139999866485596,6.03000020980835,3.0303761959075928
14-11-2012,5.809999942779541,6.050000190734863,36100,6.150000095367432,5.860000133514404,2.944943428039551
15-11-2012,5.599999904632568,5.75,26500,5.900000095367432,5.900000095367432,2.9650442600250244
16-11-2012,5.820000171661377,6.0,89100,6.0,5.909999847412109,2.9700703620910645
19-11-2012,5.800000190734863,5.860000133514404,26800,6.0,5.800000190734863,2.9147894382476807
20-11-2012,5.409999847412109,5.449999809265137,114500,5.760000228881836,5.690000057220459,2.8595097064971924
21-11-2012,5.670000076293945,5.739999771118164,20700,5.789999961853027,5.78000020980835,2.9047391414642334
23-11-2012,5.739999771118164,5.78000020980835,10500,5.900000095367432,5.880000114440918,2.9549944400787354
26-11-2012,5.820000171661377,5.889999866485596,24300,5.909999847412109,5.869999885559082,2.949968099594116
27-11-2012,5.829999923706055,5.829999923706055,30500,5.909999847412109,5.900000095367432,2.9650442600250244
28-11-2012,5.809999942779541,5.929999828338623,63600,5.929999828338623,5.880000114440918,2.9549944400787354
29-11-2012,5.800000190734863,5.900000095367432,13800,5.920000076293945,5.840000152587891,2.93489146232605
30-11-2012,5.800000190734863,5.820000171661377,31100,5.849999904632568,5.820000171661377,2.9248406887054443
03-12-2012,5.840000152587891,5.849999904632568,92800,5.900000095367432,5.900000095367432,2.9650442600250244
04-12-2012,5.820000171661377,5.900000095367432,67600,5.929999828338623,5.880000114440918,2.9549944400787354
05-12-2012,5.849999904632568,5.900000095367432,59800,5.909999847412109,5.900000095367432,2.9650442600250244
06-12-2012,5.820000171661377,5.900000095367432,65900,5.929999828338623,5.820000171661377,2.9248406887054443
07-12-2012,5.829999923706055,5.900000095367432,64000,5.900000095367432,5.900000095367432,2.9650442600250244
10-12-2012,5.840000152587891,5.900000095367432,57600,5.949999809265137,5.889999866485596,2.960019111633301
11-12-2012,5.840000152587891,5.900000095367432,70600,5.96999979019165,5.909999847412109,2.9700703620910645
12-12-2012,5.260000228881836,5.710000038146973,41200,5.769999980926514,5.289999961853027,2.9477810859680176
13-12-2012,5.170000076293945,5.289999961853027,35800,5.300000190734863,5.300000190734863,2.9533531665802
14-12-2012,5.010000228881836,5.300000190734863,50800,5.300000190734863,5.099999904632568,2.8419055938720703
17-12-2012,4.860000133514404,5.159999847412109,73200,5.300000190734863,5.139999866485596,2.8641951084136963
18-12-2012,5.010000228881836,5.099999904632568,17400,5.150000095367432,5.079999923706055,2.8307604789733887
19-12-2012,4.900000095367432,5.099999904632568,27600,5.099999904632568,4.929999828338623,2.747176170349121
20-12-2012,4.949999809265137,5.0,83300,5.130000114440918,5.130000114440918,2.8586232662200928
21-12-2012,4.889999866485596,5.099999904632568,50300,5.099999904632568,4.940000057220459,2.752748489379883
24-12-2012,4.869999885559082,4.940000057220459,8000,4.940000057220459,4.929999828338623,2.747176170349121
26-12-2012,4.900000095367432,4.909999847412109,306300,5.0,4.949999809265137,2.7583205699920654
27-12-2012,4.949999809265137,5.0,100800,5.0,5.0,2.7861828804016113
28-12-2012,4.860000133514404,5.0,20700,5.0,4.869999885559082,2.7137415409088135
31-12-2012,4.800000190734863,4.869999885559082,53000,5.0,5.0,2.7861828804016113
02-01-2013,4.960000038146973,5.110000133514404,82500,5.150000095367432,4.96999979019165,2.7694649696350098
03-01-2013,4.900000095367432,4.949999809265137,14200,5.010000228881836,4.949999809265137,2.7583205699920654
04-01-2013,4.909999847412109,4.909999847412109,109500,5.0,5.0,2.7861828804016113
07-01-2013,4.96999979019165,5.0,85200,5.079999923706055,5.0,2.7861828804016113
08-01-2013,4.949999809265137,5.0,47400,5.079999923706055,5.019999980926514,2.7973270416259766
09-01-2013,4.940000057220459,5.0,71600,5.050000190734863,4.949999809265137,2.7583205699920654
10-01-2013,4.809999942779541,4.949999809265137,56900,5.039999961853027,4.940000057220459,2.752748489379883
11-01-2013,4.940000057220459,4.940000057220459,17200,5.079999923706055,4.96999979019165,2.7694649696350098
14-01-2013,4.980000019073486,5.0,16100,5.050000190734863,4.980000019073486,2.775038242340088
15-01-2013,4.900000095367432,5.0,22200,5.010000228881836,4.900000095367432,2.7304584980010986
16-01-2013,4.909999847412109,4.940000057220459,30400,5.050000190734863,4.929999828338623,2.747176170349121
17-01-2013,4.900000095367432,4.960000038146973,19500,5.010000228881836,4.900000095367432,2.7304584980010986
18-01-2013,4.900000095367432,4.900000095367432,14700,5.0,4.929999828338623,2.747176170349121
22-01-2013,4.900000095367432,4.900000095367432,51100,5.03000020980835,4.929999828338623,2.747176170349121
23-01-2013,4.869999885559082,4.96999979019165,167600,4.96999979019165,4.920000076293945,2.741602897644043
24-01-2013,4.869999885559082,4.920000076293945,94100,4.960000038146973,4.920000076293945,2.741602897644043
25-01-2013,4.889999866485596,4.889999866485596,68800,4.960000038146973,4.949999809265137,2.7583205699920654
28-01-2013,4.920000076293945,4.920000076293945,20400,5.079999923706055,5.079999923706055,2.8307604789733887
29-01-2013,5.079999923706055,5.099999904632568,34800,5.119999885559082,5.099999904632568,2.8419055938720703
30-01-2013,5.090000152587891,5.099999904632568,37500,5.119999885559082,5.099999904632568,2.8419055938720703
31-01-2013,5.03000020980835,5.099999904632568,242000,5.230000019073486,5.190000057220459,2.892057418823242
01-02-2013,5.190000057220459,5.199999809265137,42700,5.300000190734863,5.199999809265137,2.897629976272583
04-02-2013,5.150000095367432,5.199999809265137,18200,5.289999961853027,5.150000095367432,2.869767427444458
05-02-2013,5.159999847412109,5.199999809265137,10300,5.21999979019165,5.179999828338623,2.886484384536743
06-02-2013,5.179999828338623,5.199999809265137,33200,5.28000020980835,5.28000020980835,2.9422080516815186
07-02-2013,5.179999828338623,5.25,27100,5.28000020980835,5.199999809265137,2.897629976272583
08-02-2013,5.199999809265137,5.199999809265137,51600,5.300000190734863,5.21999979019165,2.9087743759155273
11-02-2013,5.300000190734863,5.309999942779541,107400,5.480000019073486,5.380000114440918,2.9979324340820312
12-02-2013,5.300000190734863,5.389999866485596,60000,5.460000038146973,5.340000152587891,2.9756429195404053
13-02-2013,5.300000190734863,5.349999904632568,541700,5.460000038146973,5.460000038146973,3.042511463165283
14-02-2013,5.400000095367432,5.480000019073486,24600,5.5,5.449999809265137,3.036937952041626
15-02-2013,5.449999809265137,5.46999979019165,24600,5.5,5.480000019073486,3.0536558628082275
19-02-2013,5.5,5.650000095367432,77300,5.650000095367432,5.570000171661377,3.1038079261779785
20-02-2013,5.579999923706055,5.630000114440918,69500,5.730000019073486,5.619999885559082,3.131669044494629
21-02-2013,5.599999904632568,5.630000114440918,19400,5.699999809265137,5.650000095367432,3.148386001586914
22-02-2013,5.659999847412109,5.690000057220459,22000,5.869999885559082,5.800000190734863,3.231971263885498
25-02-2013,5.860000133514404,5.860000133514404,55200,6.110000133514404,5.860000133514404,3.2654058933258057
26-02-2013,5.900000095367432,5.909999847412109,46700,6.0,5.960000038146973,3.3211286067962646
27-02-2013,5.909999847412109,6.0,22100,6.019999980926514,5.949999809265137,3.315556764602661
28-02-2013,5.739999771118164,5.960000038146973,39600,5.960000038146973,5.800000190734863,3.231971263885498
01-03-2013,5.760000228881836,5.789999961853027,28000,5.860000133514404,5.800000190734863,3.231971263885498
04-03-2013,5.829999923706055,5.829999923706055,43400,6.050000190734863,6.039999961853027,3.365708827972412
05-03-2013,5.800000190734863,6.039999961853027,49400,6.050000190734863,5.900000095367432,3.2876954078674316
06-03-2013,5.75,5.949999809265137,25400,6.050000190734863,6.050000190734863,3.3712799549102783
07-03-2013,5.980000019073486,6.019999980926514,28300,6.130000114440918,6.130000114440918,3.4158596992492676
08-03-2013,5.96999979019165,6.099999904632568,38000,6.150000095367432,6.150000095367432,3.427004337310791
11-03-2013,6.070000171661377,6.150000095367432,67200,6.269999980926514,6.21999979019165,3.4660117626190186
12-03-2013,6.019999980926514,6.230000019073486,29800,6.269999980926514,6.179999828338623,3.443720817565918
13-03-2013,5.949999809265137,6.119999885559082,10400,6.119999885559082,6.059999942779541,3.4211385250091553
14-03-2013,5.920000076293945,6.099999904632568,27600,6.099999904632568,6.070000171661377,3.4267852306365967
15-03-2013,5.949999809265137,6.039999961853027,59000,6.110000133514404,6.070000171661377,3.4267852306365967
18-03-2013,5.960000038146973,6.110000133514404,37600,6.190000057220459,6.090000152587891,3.4380762577056885
19-03-2013,5.900000095367432,6.059999942779541,10100,6.159999847412109,5.900000095367432,3.330812454223633
20-03-2013,5.909999847412109,5.949999809265137,8900,6.090000152587891,6.0,3.387266159057617
21-03-2013,5.789999961853027,6.0,12700,6.0,5.909999847412109,3.3364574909210205
22-03-2013,5.840000152587891,5.869999885559082,24900,6.0,5.909999847412109,3.3364574909210205
25-03-2013,5.78000020980835,5.909999847412109,14700,6.0,6.0,3.387266159057617
26-03-2013,5.829999923706055,6.0,6400,6.0,5.920000076293945,3.3421034812927246
27-03-2013,5.920000076293945,5.940000057220459,13900,6.010000228881836,5.960000038146973,3.364684820175171
28-03-2013,5.889999866485596,5.960000038146973,25600,6.010000228881836,6.0,3.387266159057617
01-04-2013,5.940000057220459,6.03000020980835,37400,6.079999923706055,6.070000171661377,3.4267852306365967
02-04-2013,6.0,6.070000171661377,26000,6.070000171661377,6.010000228881836,3.3929123878479004
03-04-2013,6.039999961853027,6.050000190734863,41400,6.090000152587891,6.059999942779541,3.4211385250091553
04-04-2013,6.050000190734863,6.050000190734863,15900,6.090000152587891,6.070000171661377,3.4267852306365967
05-04-2013,6.0,6.090000152587891,87900,6.099999904632568,6.070000171661377,3.4267852306365967
08-04-2013,6.050000190734863,6.119999885559082,36900,6.119999885559082,6.110000133514404,3.4493672847747803
09-04-2013,5.800000190734863,6.099999904632568,45600,6.099999904632568,5.829999923706055,3.2912943363189697
10-04-2013,5.710000038146973,5.78000020980835,25300,6.090000152587891,6.010000228881836,3.3929123878479004
11-04-2013,5.829999923706055,5.96999979019165,45900,6.070000171661377,5.989999771118164,3.3816215991973877
12-04-2013,5.909999847412109,5.929999828338623,12300,6.039999961853027,6.019999980926514,3.3985583782196045
15-04-2013,5.75,5.949999809265137,25600,6.010000228881836,6.010000228881836,3.3929123878479004
16-04-2013,5.929999828338623,6.079999923706055,8500,6.079999923706055,6.010000228881836,3.3929123878479004
17-04-2013,5.769999980926514,6.070000171661377,44800,6.079999923706055,5.820000171661377,3.285649538040161
18-04-2013,5.760000228881836,5.760000228881836,7000,5.800000190734863,5.769999980926514,3.2574214935302734
19-04-2013,5.760000228881836,5.800000190734863,6700,5.909999847412109,5.840000152587891,3.2969398498535156
22-04-2013,5.75,5.849999904632568,17300,5.920000076293945,5.820000171661377,3.285649538040161
23-04-2013,5.789999961853027,5.820000171661377,19000,5.920000076293945,5.920000076293945,3.3421034812927246
24-04-2013,5.769999980926514,5.769999980926514,7100,5.960000038146973,5.960000038146973,3.364684820175171
25-04-2013,5.949999809265137,5.949999809265137,14600,6.019999980926514,5.980000019073486,3.3759756088256836
26-04-2013,5.940000057220459,6.010000228881836,25500,6.099999904632568,6.090000152587891,3.4380762577056885
29-04-2013,6.039999961853027,6.079999923706055,26600,6.099999904632568,6.039999961853027,3.4098494052886963
30-04-2013,5.800000190734863,5.980000019073486,18200,6.090000152587891,5.949999809265137,3.3590402603149414
01-05-2013,5.949999809265137,5.949999809265137,25900,6.070000171661377,6.0,3.387266159057617
02-05-2013,5.909999847412109,6.0,14600,6.059999942779541,5.989999771118164,3.3816215991973877
03-05-2013,6.0,6.010000228881836,13900,6.079999923706055,6.050000190734863,3.415494203567505
06-05-2013,5.96999979019165,6.090000152587891,15200,6.090000152587891,6.050000190734863,3.415494203567505
07-05-2013,6.050000190734863,6.050000190734863,10000,6.079999923706055,6.059999942779541,3.4211385250091553
08-05-2013,5.989999771118164,6.079999923706055,35100,6.079999923706055,5.989999771118164,3.3816215991973877
09-05-2013,5.980000019073486,6.03000020980835,9900,6.03000020980835,6.0,3.387266159057617
10-05-2013,5.96999979019165,5.989999771118164,8400,6.0,5.980000019073486,3.3759756088256836
13-05-2013,5.849999904632568,6.0,19600,6.0,5.920000076293945,3.3421034812927246
14-05-2013,5.960000038146973,5.960000038146973,22500,6.03000020980835,5.96999979019165,3.370330572128296
15-05-2013,5.929999828338623,5.929999828338623,5900,6.0,5.980000019073486,3.3759756088256836
16-05-2013,5.929999828338623,6.0,16500,6.039999961853027,5.960000038146973,3.364684820175171
17-05-2013,5.929999828338623,5.989999771118164,7400,6.050000190734863,6.0,3.387266159057617
20-05-2013,5.940000057220459,6.0,4500,6.0,5.96999979019165,3.370330572128296
21-05-2013,5.96999979019165,6.0,2600,6.0,5.96999979019165,3.370330572128296
22-05-2013,5.96999979019165,5.96999979019165,8200,6.0,5.980000019073486,3.3759756088256836
23-05-2013,5.96999979019165,5.980000019073486,9500,6.0,5.96999979019165,3.370330572128296
24-05-2013,5.96999979019165,5.96999979019165,8300,5.989999771118164,5.980000019073486,3.3759756088256836
28-05-2013,5.949999809265137,6.0,25400,6.0,5.96999979019165,3.370330572128296
29-05-2013,5.940000057220459,5.980000019073486,48100,5.980000019073486,5.96999979019165,3.370330572128296
30-05-2013,5.929999828338623,5.949999809265137,14500,5.96999979019165,5.940000057220459,3.3533942699432373
31-05-2013,5.929999828338623,5.940000057220459,69600,6.050000190734863,5.949999809265137,3.3590402603149414
03-06-2013,5.960000038146973,6.0,44800,6.050000190734863,5.989999771118164,3.3816215991973877
04-06-2013,6.0,6.0,196700,6.099999904632568,6.039999961853027,3.4098494052886963
05-06-2013,5.900000095367432,6.090000152587891,21100,6.090000152587891,5.900000095367432,3.330812454223633
06-06-2013,5.929999828338623,5.929999828338623,18200,6.0,5.949999809265137,3.3590402603149414
07-06-2013,6.0,6.010000228881836,41600,6.050000190734863,6.03000020980835,3.4042022228240967
10-06-2013,6.03000020980835,6.070000171661377,40600,6.090000152587891,6.059999942779541,3.4211385250091553
11-06-2013,6.050000190734863,6.050000190734863,22400,6.090000152587891,6.079999923706055,3.432429790496826
12-06-2013,6.050000190734863,6.099999904632568,34400,6.150000095367432,6.059999942779541,3.4667539596557617
13-06-2013,6.059999942779541,6.059999942779541,32900,6.179999828338623,6.170000076293945,3.5296833515167236
14-06-2013,6.099999904632568,6.150000095367432,18800,6.170000076293945,6.139999866485596,3.5125205516815186
17-06-2013,6.099999904632568,6.139999866485596,22900,6.190000057220459,6.150000095367432,3.5182416439056396
18-06-2013,6.099999904632568,6.150000095367432,24000,6.170000076293945,6.139999866485596,3.5125205516815186
19-06-2013,5.889999866485596,6.0,23000,6.199999809265137,6.150000095367432,3.5182416439056396
20-06-2013,5.869999885559082,6.150000095367432,27400,6.150000095367432,5.980000019073486,3.4209883213043213
21-06-2013,5.900000095367432,6.03000020980835,11400,6.03000020980835,5.960000038146973,3.4095473289489746
24-06-2013,5.739999771118164,5.900000095367432,21400,5.900000095367432,5.75,3.289412260055542
25-06-2013,5.71999979019165,5.760000228881836,19200,5.989999771118164,5.96999979019165,3.4152684211730957
26-06-2013,6.0,6.0,19800,6.110000133514404,6.099999904632568,3.489637613296509
27-06-2013,6.03000020980835,6.150000095367432,63000,6.179999828338623,6.139999866485596,3.5125205516815186
28-06-2013,6.059999942779541,6.079999923706055,16500,6.150000095367432,6.150000095367432,3.5182416439056396
01-07-2013,6.050000190734863,6.119999885559082,15900,6.150000095367432,6.059999942779541,3.4667539596557617
02-07-2013,6.059999942779541,6.059999942779541,7500,6.139999866485596,6.059999942779541,3.4667539596557617
03-07-2013,6.070000171661377,6.070000171661377,31900,6.25,6.25,3.5754477977752686
05-07-2013,6.150000095367432,6.269999980926514,36200,6.269999980926514,6.210000038146973,3.552565574645996
08-07-2013,6.150000095367432,6.28000020980835,54200,6.28000020980835,6.239999771118164,3.569727897644043
09-07-2013,6.190000057220459,6.230000019073486,19400,6.28000020980835,6.25,3.5754477977752686
10-07-2013,6.159999847412109,6.210000038146973,10400,6.25,6.170000076293945,3.5296833515167236
11-07-2013,6.170000076293945,6.28000020980835,16700,6.28000020980835,6.25,3.5754477977752686
12-07-2013,6.21999979019165,6.28000020980835,104900,6.320000171661377,6.320000171661377,3.6154932975769043
15-07-2013,6.309999942779541,6.570000171661377,83200,6.570000171661377,6.360000133514404,3.6383755207061768
16-07-2013,6.289999961853027,6.400000095367432,43800,6.400000095367432,6.360000133514404,3.6383755207061768
17-07-2013,6.289999961853027,6.409999847412109,31700,6.409999847412109,6.289999961853027,3.5983314514160156
18-07-2013,6.25,6.260000228881836,29700,6.369999885559082,6.349999904632568,3.6326544284820557
19-07-2013,6.349999904632568,6.389999866485596,27200,6.460000038146973,6.389999866485596,3.655538320541382
22-07-2013,6.349999904632568,6.420000076293945,61500,6.670000076293945,6.610000133514404,3.7813940048217773
23-07-2013,6.619999885559082,6.639999866485596,47700,6.849999904632568,6.650000095367432,3.804276943206787
24-07-2013,6.630000114440918,6.71999979019165,10200,6.789999961853027,6.659999847412109,3.8099968433380127
25-07-2013,6.590000152587891,6.599999904632568,8900,6.789999961853027,6.730000019073486,3.8500428199768066
26-07-2013,6.650000095367432,6.730000019073486,26500,6.800000190734863,6.739999771118164,3.8557636737823486
29-07-2013,6.579999923706055,6.739999771118164,25500,6.840000152587891,6.579999923706055,3.764233350753784
30-07-2013,6.409999847412109,6.579999923706055,12700,6.739999771118164,6.699999809265137,3.832881450653076
31-07-2013,6.519999980926514,6.75,3000,6.75,6.690000057220459,3.8271610736846924
01-08-2013,6.510000228881836,6.650000095367432,13700,6.75,6.670000076293945,3.8157176971435547
02-08-2013,6.559999942779541,6.570000171661377,15200,6.730000019073486,6.670000076293945,3.8157176971435547
05-08-2013,6.550000190734863,6.659999847412109,22400,6.699999809265137,6.699999809265137,3.832881450653076
06-08-2013,6.559999942779541,6.71999979019165,5900,6.75,6.610000133514404,3.7813940048217773
07-08-2013,6.550000190734863,6.630000114440918,3200,6.71999979019165,6.619999885559082,3.7871155738830566
08-08-2013,6.550000190734863,6.650000095367432,10000,6.75,6.690000057220459,3.8271610736846924
09-08-2013,6.699999809265137,6.71999979019165,26400,6.75,6.739999771118164,3.8557636737823486
12-08-2013,6.699999809265137,6.71999979019165,52200,6.800000190734863,6.789999961853027,3.884366989135742
13-08-2013,6.75,6.800000190734863,16500,6.820000171661377,6.820000171661377,3.901528835296631
14-08-2013,6.670000076293945,6.75,46100,6.800000190734863,6.670000076293945,3.8157176971435547
15-08-2013,6.679999828338623,6.840000152587891,80400,6.940000057220459,6.929999828338623,3.9644577503204346
16-08-2013,6.860000133514404,6.980000019073486,27300,7.099999904632568,7.0,4.004501819610596
19-08-2013,6.920000076293945,7.010000228881836,48700,7.079999923706055,7.059999942779541,4.038826942443848
20-08-2013,7.019999980926514,7.079999923706055,49200,7.550000190734863,7.429999828338623,4.250492572784424
21-08-2013,7.170000076293945,7.400000095367432,24000,7.449999809265137,7.369999885559082,4.216169834136963
22-08-2013,7.110000133514404,7.369999885559082,15200,7.369999885559082,7.239999771118164,4.1417999267578125
23-08-2013,7.099999904632568,7.239999771118164,14400,7.239999771118164,7.099999904632568,4.061709403991699
26-08-2013,6.449999809265137,7.139999866485596,79900,7.159999847412109,6.599999904632568,3.7756733894348145
27-08-2013,6.550000190734863,6.599999904632568,23600,6.820000171661377,6.679999828338623,3.8214380741119385
28-08-2013,6.739999771118164,6.809999942779541,12500,6.920000076293945,6.809999942779541,3.895808696746826
29-08-2013,6.78000020980835,6.809999942779541,146800,7.21999979019165,7.139999866485596,4.084590911865234
30-08-2013,6.860000133514404,7.159999847412109,38000,7.25,7.179999828338623,4.107475757598877
03-09-2013,7.0,7.25,30000,7.389999866485596,7.269999980926514,4.158962249755859
04-09-2013,7.25,7.349999904632568,41600,7.510000228881836,7.380000114440918,4.221888065338135
05-09-2013,7.389999866485596,7.429999828338623,35600,7.639999866485596,7.53000020980835,4.307700157165527
06-09-2013,7.349999904632568,7.519999980926514,45600,7.579999923706055,7.429999828338623,4.250492572784424
09-09-2013,7.269999980926514,7.429999828338623,20200,7.429999828338623,7.389999866485596,4.227611064910889
10-09-2013,7.320000171661377,7.429999828338623,20700,7.429999828338623,7.420000076293945,4.244772434234619
11-09-2013,7.199999809265137,7.369999885559082,16900,7.380000114440918,7.25,4.192723751068115
12-09-2013,7.230000019073486,7.300000190734863,56600,7.320000171661377,7.309999942779541,4.227422714233398
13-09-2013,7.199999809265137,7.239999771118164,9400,7.300000190734863,7.21999979019165,4.175375461578369
16-09-2013,7.260000228881836,7.260000228881836,66000,7.630000114440918,7.480000019073486,4.3257365226745605
17-09-2013,7.429999828338623,7.5,73800,7.619999885559082,7.429999828338623,4.296819686889648
18-09-2013,7.400000095367432,7.449999809265137,61600,7.619999885559082,7.400000095367432,4.2794694900512695
19-09-2013,7.329999923706055,7.420000076293945,17500,7.5,7.369999885559082,4.262121200561523
20-09-2013,7.190000057220459,7.360000133514404,32200,7.420000076293945,7.199999809265137,4.163808822631836
23-09-2013,7.010000228881836,7.199999809265137,45700,7.349999904632568,7.230000019073486,4.181158542633057
24-09-2013,7.050000190734863,7.210000038146973,31600,7.380000114440918,7.150000095367432,4.134894847869873
25-09-2013,7.0,7.119999885559082,46600,7.25,7.25,4.192723751068115
26-09-2013,7.159999847412109,7.25,2500,7.420000076293945,7.320000171661377,4.233206272125244
27-09-2013,7.25,7.28000020980835,38100,7.610000133514404,7.380000114440918,4.267904758453369
30-09-2013,7.150000095367432,7.340000152587891,31100,7.380000114440918,7.210000038146973,4.169591903686523
01-10-2013,7.25,7.289999961853027,12900,7.449999809265137,7.25,4.192723751068115
02-10-2013,7.230000019073486,7.230000019073486,13200,7.489999771118164,7.309999942779541,4.227422714233398
03-10-2013,7.25,7.409999847412109,6700,7.409999847412109,7.309999942779541,4.227422714233398
04-10-2013,7.289999961853027,7.360000133514404,11100,7.389999866485596,7.380000114440918,4.267904758453369
07-10-2013,7.289999961853027,7.320000171661377,9500,7.349999904632568,7.329999923706055,4.238988399505615
08-10-2013,7.289999961853027,7.289999961853027,8500,7.489999771118164,7.300000190734863,4.221640110015869
09-10-2013,7.210000038146973,7.300000190734863,29300,7.460000038146973,7.429999828338623,4.296819686889648
10-10-2013,7.369999885559082,7.460000038146973,21700,7.619999885559082,7.380000114440918,4.267904758453369
11-10-2013,7.340000152587891,7.340000152587891,18800,7.53000020980835,7.440000057220459,4.302603721618652
14-10-2013,7.380000114440918,7.429999828338623,13000,7.619999885559082,7.519999980926514,4.348867893218994
15-10-2013,7.440000057220459,7.5,8200,7.539999961853027,7.440000057220459,4.302603721618652
16-10-2013,7.380000114440918,7.480000019073486,18400,7.610000133514404,7.429999828338623,4.296819686889648
17-10-2013,7.349999904632568,7.420000076293945,13900,7.610000133514404,7.429999828338623,4.296819686889648
18-10-2013,7.440000057220459,7.5,12400,7.619999885559082,7.460000038146973,4.314168930053711
21-10-2013,7.349999904632568,7.519999980926514,15300,7.840000152587891,7.409999847412109,4.28525447845459
22-10-2013,7.409999847412109,7.440000057220459,43800,7.659999847412109,7.559999942779541,4.371999740600586
23-10-2013,7.5,7.53000020980835,11900,7.619999885559082,7.539999961853027,4.3604326248168945
24-10-2013,7.539999961853027,7.559999942779541,8600,7.769999980926514,7.670000076293945,4.435612678527832
25-10-2013,7.480000019073486,7.619999885559082,56900,7.75,7.739999771118164,4.476094722747803
28-10-2013,7.5,7.760000228881836,27200,7.800000190734863,7.550000190734863,4.366217136383057
29-10-2013,7.5,7.519999980926514,19400,7.619999885559082,7.550000190734863,4.366217136383057
30-10-2013,7.5,7.579999923706055,9600,7.619999885559082,7.610000133514404,4.400915622711182
31-10-2013,7.5,7.610000133514404,21900,7.610000133514404,7.5,4.337301731109619
01-11-2013,7.5,7.559999942779541,26700,7.559999942779541,7.510000228881836,4.34308385848999
04-11-2013,7.480000019073486,7.5,27800,7.650000095367432,7.650000095367432,4.424047470092773
05-11-2013,7.5,7.590000152587891,13300,7.599999904632568,7.53000020980835,4.354650497436523
06-11-2013,7.539999961853027,7.679999828338623,28600,7.679999828338623,7.659999847412109,4.429831504821777
07-11-2013,7.650000095367432,7.659999847412109,7600,7.679999828338623,7.659999847412109,4.429831504821777
08-11-2013,7.650000095367432,7.650000095367432,19400,7.75,7.739999771118164,4.476094722747803
11-11-2013,7.71999979019165,7.789999961853027,54000,7.800000190734863,7.78000020980835,4.499227523803711
12-11-2013,7.739999771118164,7.789999961853027,18600,7.980000019073486,7.909999847412109,4.57440710067749
13-11-2013,7.820000171661377,7.920000076293945,19800,8.0,7.889999866485596,4.562841415405273
14-11-2013,7.869999885559082,7.920000076293945,15500,8.039999961853027,7.920000076293945,4.580190658569336
15-11-2013,7.949999809265137,8.0600004196167,12400,8.079999923706055,8.020000457763672,4.638021945953369
18-11-2013,7.989999771118164,7.989999771118164,30400,8.199999809265137,8.050000190734863,4.655369281768799
19-11-2013,7.949999809265137,8.020000457763672,18900,8.069999694824219,7.949999809265137,4.59753942489624
20-11-2013,7.949999809265137,7.980000019073486,18200,8.0,7.960000038146973,4.603322505950928
21-11-2013,7.949999809265137,7.980000019073486,24800,8.010000228881836,7.980000019073486,4.614889144897461
22-11-2013,7.949999809265137,7.960000038146973,31700,8.010000228881836,7.949999809265137,4.59753942489624
25-11-2013,7.809999942779541,7.960000038146973,44200,8.010000228881836,8.0,4.626453876495361
26-11-2013,7.869999885559082,7.960000038146973,30300,8.029999732971191,8.010000228881836,4.632238388061523
27-11-2013,7.989999771118164,8.010000228881836,7300,8.010000228881836,7.989999771118164,4.62067174911499
29-11-2013,7.989999771118164,8.010000228881836,15000,8.010000228881836,8.0,4.626453876495361
02-12-2013,8.0,8.010000228881836,16400,8.010000228881836,8.0,4.626453876495361
03-12-2013,7.989999771118164,8.0,12800,8.010000228881836,8.0,4.626453876495361
04-12-2013,7.96999979019165,8.0,15600,8.010000228881836,7.980000019073486,4.614889144897461
05-12-2013,7.940000057220459,8.010000228881836,8700,8.010000228881836,7.989999771118164,4.62067174911499
06-12-2013,7.960000038146973,8.010000228881836,18200,8.010000228881836,8.0,4.626453876495361
09-12-2013,7.949999809265137,8.010000228881836,20300,8.010000228881836,7.949999809265137,4.59753942489624
10-12-2013,7.900000095367432,7.949999809265137,156400,8.0,7.900000095367432,4.568624973297119
11-12-2013,7.71999979019165,7.820000171661377,36200,7.960000038146973,7.760000228881836,4.533570766448975
12-12-2013,7.619999885559082,7.71999979019165,35700,7.840000152587891,7.650000095367432,4.469306468963623
13-12-2013,7.570000171661377,7.650000095367432,59900,7.739999771118164,7.739999771118164,4.521885871887207
16-12-2013,7.639999866485596,7.739999771118164,13800,7.869999885559082,7.670000076293945,4.480989933013916
17-12-2013,7.550000190734863,7.710000038146973,29000,7.75,7.619999885559082,4.451779365539551
18-12-2013,7.510000228881836,7.619999885559082,23200,7.679999828338623,7.590000152587891,4.434254169464111
19-12-2013,6.900000095367432,7.519999980926514,41500,7.570000171661377,7.440000057220459,4.346620082855225
20-12-2013,7.489999771118164,7.489999771118164,11600,7.550000190734863,7.489999771118164,4.37583065032959
23-12-2013,7.5,7.5,27400,7.619999885559082,7.619999885559082,4.451779365539551
24-12-2013,7.539999961853027,7.570000171661377,2500,7.579999923706055,7.539999961853027,4.405040740966797
26-12-2013,7.510000228881836,7.510000228881836,14000,7.71999979019165,7.599999904632568,4.440094470977783
27-12-2013,7.599999904632568,7.650000095367432,10200,7.75,7.679999828338623,4.486833095550537
30-12-2013,7.650000095367432,7.650000095367432,16300,7.869999885559082,7.800000190734863,4.556940078735352
31-12-2013,7.75,7.889999866485596,12900,7.909999847412109,7.769999980926514,4.5394134521484375
02-01-2014,7.800000190734863,7.909999847412109,8300,7.909999847412109,7.909999847412109,4.621204376220703
03-01-2014,7.900000095367432,7.920000076293945,9400,7.980000019073486,7.96999979019165,4.656257629394531
06-01-2014,7.849999904632568,7.989999771118164,18100,8.0,7.909999847412109,4.621204376220703
07-01-2014,7.739999771118164,7.920000076293945,7200,7.960000038146973,7.829999923706055,4.574466228485107
08-01-2014,7.829999923706055,7.869999885559082,20600,7.989999771118164,7.840000152587891,4.580308437347412
09-01-2014,7.889999866485596,7.889999866485596,24300,8.0,7.920000076293945,4.627047061920166
10-01-2014,7.840000152587891,7.960000038146973,12100,8.0,7.889999866485596,4.609519958496094
13-01-2014,7.800000190734863,7.960000038146973,7900,7.989999771118164,7.800000190734863,4.556940078735352
14-01-2014,7.769999980926514,7.880000114440918,8400,7.96999979019165,7.829999923706055,4.574466228485107
15-01-2014,7.820000171661377,7.980000019073486,14900,7.980000019073486,7.949999809265137,4.644573211669922
16-01-2014,7.880000114440918,7.949999809265137,4700,7.949999809265137,7.940000057220459,4.638730049133301
17-01-2014,7.75,7.889999866485596,15500,7.949999809265137,7.760000228881836,4.533570766448975
21-01-2014,7.510000228881836,7.75,17600,7.900000095367432,7.630000114440918,4.457622051239014
22-01-2014,7.599999904632568,7.599999904632568,6100,7.900000095367432,7.840000152587891,4.580308437347412
23-01-2014,7.630000114440918,7.849999904632568,6500,7.849999904632568,7.659999847412109,4.475149631500244
24-01-2014,7.610000133514404,7.690000057220459,12600,7.880000114440918,7.75,4.52772855758667
27-01-2014,7.75,7.78000020980835,60100,8.699999809265137,7.96999979019165,4.656257629394531
28-01-2014,7.840000152587891,8.100000381469727,17600,8.100000381469727,8.069999694824219,4.714680194854736
29-01-2014,7.840000152587891,8.079999923706055,19400,8.09000015258789,7.989999771118164,4.667942047119141
30-01-2014,7.900000095367432,8.0,6800,8.149999618530273,8.050000190734863,4.7029948234558105
31-01-2014,7.900000095367432,7.940000057220459,17800,8.149999618530273,8.0,4.673783302307129
03-02-2014,7.610000133514404,7.949999809265137,37800,8.020000457763672,7.690000057220459,4.49267578125
04-02-2014,7.679999828338623,7.820000171661377,12300,8.069999694824219,7.909999847412109,4.621204376220703
05-02-2014,7.789999961853027,8.020000457763672,15300,8.020000457763672,7.980000019073486,4.662100315093994
06-02-2014,7.869999885559082,8.029999732971191,18500,8.149999618530273,7.929999828338623,4.632888317108154
07-02-2014,7.800000190734863,7.900000095367432,20700,7.940000057220459,7.860000133514404,4.591994285583496
10-02-2014,7.75,7.860000133514404,9000,8.039999961853027,8.039999961853027,4.6971540451049805
11-02-2014,7.909999847412109,8.100000381469727,35800,8.170000076293945,8.050000190734863,4.7029948234558105
12-02-2014,7.900000095367432,8.119999885559082,24200,8.149999618530273,8.020000457763672,4.685469627380371
13-02-2014,7.940000057220459,7.949999809265137,9700,8.09000015258789,8.09000015258789,4.726364612579346
14-02-2014,7.909999847412109,8.100000381469727,41400,8.5600004196167,8.5600004196167,5.000949859619141
18-02-2014,8.300000190734863,8.510000228881836,24400,8.520000457763672,8.470000267028809,4.94836950302124
19-02-2014,8.260000228881836,8.5,17800,8.5,8.260000228881836,4.825682640075684
20-02-2014,8.380000114440918,8.380000114440918,17000,8.5,8.449999809265137,4.9366841316223145
21-02-2014,8.300000190734863,8.520000457763672,25800,8.699999809265137,8.65999984741211,5.059370994567871
24-02-2014,8.789999961853027,8.789999961853027,34900,9.0,8.949999809265137,5.228796482086182
25-02-2014,8.8100004196167,9.0,23500,9.149999618530273,9.069999694824219,5.298902988433838
26-02-2014,8.720000267028809,9.329999923706055,85200,9.619999885559082,9.010000228881836,5.26384973526001
27-02-2014,8.920000076293945,9.210000038146973,37400,9.420000076293945,9.199999809265137,5.374852657318115
28-02-2014,9.09000015258789,9.3100004196167,13100,9.420000076293945,9.199999809265137,5.374852657318115
03-03-2014,8.5,9.199999809265137,35300,9.199999809265137,9.109999656677246,5.322273254394531
04-03-2014,9.0,9.15999984741211,20500,9.390000343322754,9.300000190734863,5.4332756996154785
05-03-2014,9.140000343322754,9.359999656677246,11000,9.420000076293945,9.220000267028809,5.386536598205566
06-03-2014,8.970000267028809,9.1899995803833,19600,9.319999694824219,9.210000038146973,5.380693435668945
07-03-2014,8.84000015258789,9.180000305175781,17100,9.220000267028809,9.079999923706055,5.304744243621826
10-03-2014,8.529999732971191,9.100000381469727,37800,9.149999618530273,8.75,5.11195182800293
11-03-2014,8.319999694824219,8.699999809265137,52300,8.819999694824219,8.479999542236328,4.95421028137207
12-03-2014,8.199999809265137,8.350000381469727,40000,8.350000381469727,8.260000228881836,4.871641159057617
13-03-2014,7.920000076293945,8.180000305175781,56400,8.90999984741211,8.399999618530273,4.95421028137207
14-03-2014,8.029999732971191,8.270000457763672,18400,8.449999809265137,8.260000228881836,4.871641159057617
17-03-2014,8.220000267028809,8.399999618530273,23400,8.479999542236328,8.359999656677246,4.930620193481445
18-03-2014,8.210000038146973,8.460000038146973,26900,8.539999961853027,8.3100004196167,4.901131629943848
19-03-2014,8.359999656677246,8.399999618530273,8700,8.489999771118164,8.359999656677246,4.930620193481445
20-03-2014,8.25,8.399999618530273,8500,8.399999618530273,8.34000015258789,4.918825149536133
21-03-2014,8.270000457763672,8.399999618530273,9900,8.399999618530273,8.329999923706055,4.91292667388916
24-03-2014,8.050000190734863,8.260000228881836,30100,8.319999694824219,8.069999694824219,4.759581565856934
25-03-2014,7.900000095367432,8.029999732971191,30800,8.130000114440918,8.029999732971191,4.735989570617676
26-03-2014,7.900000095367432,8.109999656677246,12600,8.119999885559082,7.980000019073486,4.706501007080078
27-03-2014,7.510000228881836,7.980000019073486,18200,8.0,7.829999923706055,4.618032932281494
28-03-2014,7.829999923706055,7.849999904632568,11000,7.980000019073486,7.829999923706055,4.618032932281494
31-03-2014,7.809999942779541,7.929999828338623,22000,7.980000019073486,7.960000038146973,4.694705486297607
01-04-2014,7.980000019073486,7.980000019073486,34700,8.34000015258789,8.300000190734863,4.895233631134033
02-04-2014,8.3100004196167,8.359999656677246,28400,8.600000381469727,8.600000381469727,5.072168350219727
03-04-2014,8.449999809265137,8.619999885559082,27300,8.680000305175781,8.680000305175781,5.119351387023926
04-04-2014,8.529999732971191,8.680000305175781,33800,8.729999542236328,8.609999656677246,5.078067302703857
07-04-2014,8.300000190734863,8.59000015258789,32600,8.729999542236328,8.390000343322754,4.948315143585205
08-04-2014,8.180000305175781,8.399999618530273,11900,8.479999542236328,8.359999656677246,4.930620193481445
09-04-2014,8.359999656677246,8.430000305175781,12500,8.680000305175781,8.470000267028809,4.995497226715088
10-04-2014,8.319999694824219,8.399999618530273,7400,8.65999984741211,8.40999984741211,4.960109233856201
11-04-2014,8.319999694824219,8.319999694824219,7300,8.630000114440918,8.489999771118164,5.007292747497559
14-04-2014,8.3100004196167,8.539999961853027,18800,8.609999656677246,8.449999809265137,4.983700275421143
15-04-2014,8.3100004196167,8.470000267028809,13700,8.479999542236328,8.449999809265137,4.983700275421143
16-04-2014,8.3100004196167,8.489999771118164,14400,8.720000267028809,8.720000267028809,5.1429443359375
17-04-2014,8.399999618530273,8.609999656677246,26400,8.680000305175781,8.59000015258789,5.06627082824707
21-04-2014,8.460000038146973,8.579999923706055,25000,8.710000038146973,8.699999809265137,5.131147861480713
22-04-2014,8.5,8.649999618530273,9300,8.710000038146973,8.699999809265137,5.131147861480713
23-04-2014,8.609999656677246,8.630000114440918,8100,8.6899995803833,8.6899995803833,5.12524938583374
24-04-2014,8.600000381469727,8.680000305175781,6300,8.710000038146973,8.710000038146973,5.137045860290527
25-04-2014,8.359999656677246,8.600000381469727,15500,8.699999809265137,8.430000305175781,4.97190523147583
28-04-2014,8.40999984741211,8.4399995803833,14500,8.6899995803833,8.460000038146973,4.989599227905273
29-04-2014,8.4399995803833,8.4399995803833,17200,8.75,8.65999984741211,5.10755729675293
30-04-2014,8.529999732971191,8.529999732971191,3700,8.699999809265137,8.529999732971191,5.030884265899658
01-05-2014,8.489999771118164,8.5600004196167,10200,8.649999618530273,8.520000457763672,5.0249857902526855
02-05-2014,8.3100004196167,8.539999961853027,37000,8.539999961853027,8.380000114440918,4.942415714263916
05-05-2014,8.319999694824219,8.319999694824219,11500,8.739999771118164,8.449999809265137,4.983700275421143
06-05-2014,8.3100004196167,8.329999923706055,10000,8.710000038146973,8.380000114440918,4.942415714263916
07-05-2014,8.3100004196167,8.380000114440918,10100,8.479999542236328,8.350000381469727,4.924721717834473
08-05-2014,8.149999618530273,8.289999961853027,25000,8.329999923706055,8.270000457763672,4.877539157867432
09-05-2014,8.170000076293945,8.25,9700,8.460000038146973,8.25,4.865741729736328
12-05-2014,8.25,8.25,9100,8.470000267028809,8.350000381469727,4.924721717834473
13-05-2014,8.170000076293945,8.350000381469727,15100,8.420000076293945,8.300000190734863,4.895233631134033
14-05-2014,8.25,8.270000457763672,12700,8.420000076293945,8.260000228881836,4.871641159057617
15-05-2014,8.199999809265137,8.199999809265137,8800,8.3100004196167,8.289999961853027,4.889335632324219
16-05-2014,8.289999961853027,8.289999961853027,9400,8.449999809265137,8.300000190734863,4.895233631134033
19-05-2014,8.220000267028809,8.359999656677246,4500,8.380000114440918,8.279999732971191,4.883437633514404
20-05-2014,8.25,8.270000457763672,2100,8.449999809265137,8.25,4.865741729736328
21-05-2014,8.260000228881836,8.399999618530273,2500,8.399999618530273,8.260000228881836,4.871641159057617
22-05-2014,8.25,8.25,15300,8.460000038146973,8.319999694824219,4.9070281982421875
23-05-2014,8.199999809265137,8.25,96200,8.430000305175781,8.199999809265137,4.836254596710205
27-05-2014,8.149999618530273,8.170000076293945,13100,8.369999885559082,8.300000190734863,4.895233631134033
28-05-2014,8.229999542236328,8.260000228881836,10700,8.350000381469727,8.319999694824219,4.9070281982421875
29-05-2014,8.25,8.319999694824219,4400,8.319999694824219,8.3100004196167,4.901131629943848
30-05-2014,8.229999542236328,8.380000114440918,5600,8.390000343322754,8.34000015258789,4.918825149536133
02-06-2014,8.270000457763672,8.350000381469727,12900,8.380000114440918,8.329999923706055,4.91292667388916
03-06-2014,8.229999542236328,8.260000228881836,4700,8.329999923706055,8.300000190734863,4.895233631134033
04-06-2014,8.210000038146973,8.239999771118164,12900,8.40999984741211,8.350000381469727,4.924721717834473
05-06-2014,8.25,8.3100004196167,7100,8.380000114440918,8.350000381469727,4.924721717834473
06-06-2014,8.3100004196167,8.399999618530273,14600,8.449999809265137,8.4399995803833,4.9778032302856445
09-06-2014,8.420000076293945,8.449999809265137,36100,8.460000038146973,8.449999809265137,4.983700275421143
10-06-2014,8.270000457763672,8.34000015258789,12200,8.449999809265137,8.420000076293945,4.96600866317749
11-06-2014,8.260000228881836,8.449999809265137,6900,8.449999809265137,8.329999923706055,4.960051536560059
12-06-2014,8.15999984741211,8.350000381469727,6300,8.350000381469727,8.25,4.912415981292725
13-06-2014,8.149999618530273,8.25,4800,8.279999732971191,8.25,4.912415981292725
16-06-2014,8.170000076293945,8.25,23800,8.329999923706055,8.170000076293945,4.864781856536865
17-06-2014,8.010000228881836,8.149999618530273,31000,8.199999809265137,8.100000381469727,4.8231000900268555
18-06-2014,7.739999771118164,8.079999923706055,107000,8.140000343322754,7.900000095367432,4.704012870788574
19-06-2014,7.900000095367432,7.900000095367432,38700,8.029999732971191,7.949999809265137,4.733784198760986
20-06-2014,7.809999942779541,7.929999828338623,35700,7.989999771118164,7.960000038146973,4.7397379875183105
23-06-2014,7.900000095367432,8.359999656677246,30500,8.359999656677246,8.0,4.763556003570557
24-06-2014,7.840000152587891,7.949999809265137,29500,7.960000038146973,7.909999847412109,4.709965705871582
25-06-2014,7.800000190734863,7.889999866485596,26800,7.900000095367432,7.860000133514404,4.68019437789917
26-06-2014,7.929999828338623,7.940000057220459,17300,8.170000076293945,7.940000057220459,4.727828502655029
27-06-2014,7.909999847412109,7.909999847412109,19700,7.989999771118164,7.929999828338623,4.721873760223389
30-06-2014,7.429999828338623,7.940000057220459,92400,7.940000057220459,7.789999961853027,4.63851261138916
01-07-2014,7.809999942779541,7.860000133514404,27200,8.119999885559082,8.029999732971191,4.78141975402832
02-07-2014,7.869999885559082,8.0,12100,8.109999656677246,7.949999809265137,4.733784198760986
03-07-2014,7.840000152587891,8.020000457763672,7700,8.109999656677246,7.840000152587891,4.6682844161987305
07-07-2014,7.840000152587891,7.840000152587891,10900,7.980000019073486,7.940000057220459,4.727828502655029
08-07-2014,7.789999961853027,7.849999904632568,7800,7.889999866485596,7.820000171661377,4.656376361846924
09-07-2014,7.789999961853027,7.789999961853027,17000,7.900000095367432,7.889999866485596,4.698057651519775
10-07-2014,7.78000020980835,7.78000020980835,9900,7.960000038146973,7.800000190734863,4.644466400146484
11-07-2014,7.710000038146973,7.78000020980835,9600,7.980000019073486,7.710000038146973,4.590877056121826
14-07-2014,7.539999961853027,7.760000228881836,17600,7.760000228881836,7.619999885559082,4.537286281585693
15-07-2014,7.429999828338623,7.53000020980835,32700,7.619999885559082,7.460000038146973,4.442016124725342
16-07-2014,7.429999828338623,7.519999980926514,10100,7.619999885559082,7.489999771118164,4.459878444671631
17-07-2014,7.400000095367432,7.460000038146973,12600,7.590000152587891,7.519999980926514,4.477744102478027
18-07-2014,7.329999923706055,7.489999771118164,16400,7.5,7.360000133514404,4.382471084594727
21-07-2014,7.150000095367432,7.300000190734863,42100,7.5,7.349999904632568,4.376516819000244
22-07-2014,7.239999771118164,7.349999904632568,19300,7.519999980926514,7.46999979019165,4.447970867156982
23-07-2014,7.449999809265137,7.460000038146973,19200,7.699999809265137,7.650000095367432,4.555150985717773
24-07-2014,7.679999828338623,7.690000057220459,5300,7.760000228881836,7.699999809265137,4.5849223136901855
25-07-2014,7.21999979019165,7.699999809265137,146100,7.75,7.579999923706055,4.513468265533447
28-07-2014,7.5,7.5,27300,7.710000038146973,7.690000057220459,4.578968524932861
29-07-2014,7.710000038146973,7.710000038146973,14100,8.010000228881836,7.829999923706055,4.662330150604248
30-07-2014,7.690000057220459,7.739999771118164,14400,7.840000152587891,7.75,4.614695072174072
31-07-2014,7.53000020980835,7.699999809265137,31800,7.889999866485596,7.75,4.614695072174072
01-08-2014,7.75,7.800000190734863,6600,8.050000190734863,7.800000190734863,4.644466400146484
04-08-2014,7.550000190734863,7.800000190734863,34800,7.800000190734863,7.690000057220459,4.578968524932861
05-08-2014,7.659999847412109,7.670000076293945,7200,7.860000133514404,7.849999904632568,4.674238204956055
06-08-2014,7.769999980926514,7.769999980926514,4300,7.909999847412109,7.860000133514404,4.68019437789917
07-08-2014,7.710000038146973,7.78000020980835,22600,7.929999828338623,7.820000171661377,4.656376361846924
08-08-2014,7.849999904632568,7.849999904632568,7400,7.929999828338623,7.929999828338623,4.721873760223389
11-08-2014,7.860000133514404,7.860000133514404,16300,8.0,7.96999979019165,4.745692253112793
12-08-2014,7.849999904632568,7.960000038146973,44200,7.989999771118164,7.960000038146973,4.7397379875183105
13-08-2014,7.539999961853027,7.579999923706055,33300,7.889999866485596,7.889999866485596,4.698057651519775
14-08-2014,7.610000133514404,7.820000171661377,21700,7.900000095367432,7.880000114440918,4.69210147857666
15-08-2014,7.619999885559082,7.760000228881836,13400,7.889999866485596,7.880000114440918,4.69210147857666
18-08-2014,7.670000076293945,7.860000133514404,9500,7.989999771118164,7.989999771118164,4.757600784301758
19-08-2014,7.869999885559082,7.980000019073486,74900,7.980000019073486,7.929999828338623,4.721873760223389
20-08-2014,7.739999771118164,7.920000076293945,11600,8.0,7.760000228881836,4.620649337768555
21-08-2014,7.789999961853027,7.829999923706055,20300,7.889999866485596,7.889999866485596,4.698057651519775
22-08-2014,7.869999885559082,7.889999866485596,1900,7.889999866485596,7.880000114440918,4.69210147857666
25-08-2014,7.769999980926514,7.849999904632568,6900,7.889999866485596,7.889999866485596,4.698057651519775
26-08-2014,7.760000228881836,7.829999923706055,5700,7.900000095367432,7.789999961853027,4.63851261138916
27-08-2014,7.599999904632568,7.829999923706055,6500,7.949999809265137,7.710000038146973,4.590877056121826
28-08-2014,7.71999979019165,7.760000228881836,33500,8.0,7.769999980926514,4.626603126525879
29-08-2014,7.760000228881836,7.860000133514404,13400,7.960000038146973,7.909999847412109,4.709965705871582
02-09-2014,7.849999904632568,7.949999809265137,10600,8.039999961853027,8.010000228881836,4.769511699676514
03-09-2014,7.849999904632568,7.980000019073486,33600,7.980000019073486,7.909999847412109,4.709965705871582
04-09-2014,7.829999923706055,7.860000133514404,18500,7.949999809265137,7.940000057220459,4.727828502655029
05-09-2014,7.809999942779541,7.909999847412109,10300,7.940000057220459,7.900000095367432,4.704012870788574
08-09-2014,7.829999923706055,7.849999904632568,22200,7.949999809265137,7.929999828338623,4.721873760223389
09-09-2014,7.769999980926514,7.869999885559082,10600,7.949999809265137,7.940000057220459,4.727828502655029
10-09-2014,7.150000095367432,7.650000095367432,19900,7.940000057220459,7.849999904632568,4.721814155578613
11-09-2014,7.699999809265137,7.909999847412109,12900,7.929999828338623,7.809999942779541,4.69775390625
12-09-2014,7.769999980926514,7.849999904632568,2100,7.849999904632568,7.769999980926514,4.673694133758545
15-09-2014,7.650000095367432,7.769999980926514,53300,7.769999980926514,7.650000095367432,4.601513385772705
16-09-2014,7.510000228881836,7.619999885559082,22300,7.699999809265137,7.510000228881836,4.5173020362854
17-09-2014,7.320000171661377,7.449999809265137,17800,7.480000019073486,7.360000133514404,4.4270758628845215
18-09-2014,7.349999904632568,7.360000133514404,13300,7.53000020980835,7.400000095367432,4.451136112213135
19-09-2014,7.179999828338623,7.349999904632568,25900,7.480000019073486,7.179999828338623,4.318805694580078
22-09-2014,7.199999809265137,7.199999809265137,7800,7.570000171661377,7.429999828338623,4.469182968139648
23-09-2014,7.289999961853027,7.429999828338623,2300,7.429999828338623,7.429999828338623,4.469182968139648
24-09-2014,7.349999904632568,7.389999866485596,12900,7.5,7.5,4.511287212371826
25-09-2014,7.309999942779541,7.309999942779541,2800,7.550000190734863,7.550000190734863,4.54136323928833
26-09-2014,7.289999961853027,7.440000057220459,6000,7.53000020980835,7.519999980926514,4.523317337036133
29-09-2014,7.369999885559082,7.460000038146973,6500,7.5,7.46999979019165,4.493241310119629
30-09-2014,7.389999866485596,7.5,14600,7.599999904632568,7.449999809265137,4.481212615966797
01-10-2014,7.309999942779541,7.400000095367432,13100,7.579999923706055,7.329999923706055,4.409031391143799
02-10-2014,7.329999923706055,7.409999847412109,6000,7.519999980926514,7.46999979019165,4.493241310119629
03-10-2014,7.409999847412109,7.519999980926514,11700,7.690000057220459,7.510000228881836,4.5173020362854
06-10-2014,7.489999771118164,7.489999771118164,3600,7.639999866485596,7.599999904632568,4.571437835693359
07-10-2014,7.550000190734863,7.690000057220459,8100,7.739999771118164,7.570000171661377,4.5533928871154785
08-10-2014,7.550000190734863,7.570000171661377,7900,7.659999847412109,7.559999942779541,4.547378063201904
09-10-2014,7.460000038146973,7.559999942779541,20700,7.670000076293945,7.510000228881836,4.5173020362854
10-10-2014,7.360000133514404,7.46999979019165,8300,7.53000020980835,7.429999828338623,4.469182968139648
13-10-2014,7.28000020980835,7.449999809265137,16700,7.449999809265137,7.28000020980835,4.378956317901611
14-10-2014,7.25,7.329999923706055,14800,7.389999866485596,7.260000228881836,4.366926670074463
15-10-2014,7.25,7.25,32000,7.46999979019165,7.28000020980835,4.378956317901611
16-10-2014,7.25,7.309999942779541,11400,7.480000019073486,7.25,4.3609113693237305
17-10-2014,7.260000228881836,7.28000020980835,10900,7.53000020980835,7.53000020980835,4.529332637786865
20-10-2014,7.25,7.519999980926514,9500,7.519999980926514,7.460000038146973,4.487226486206055
21-10-2014,7.449999809265137,7.53000020980835,10300,7.619999885559082,7.539999961853027,4.5353474617004395
22-10-2014,7.400000095367432,7.639999866485596,7100,7.639999866485596,7.630000114440918,4.589483261108398
23-10-2014,7.449999809265137,7.650000095367432,9700,7.650000095367432,7.460000038146973,4.487226486206055
24-10-2014,7.300000190734863,7.5,4500,7.5,7.300000190734863,4.390987396240234
27-10-2014,7.230000019073486,7.260000228881836,19500,7.369999885559082,7.320000171661377,4.403017044067383
28-10-2014,7.099999904632568,7.349999904632568,16000,7.349999904632568,7.099999904632568,4.27068567276001
29-10-2014,7.130000114440918,7.139999866485596,65500,7.460000038146973,7.329999923706055,4.409031391143799
30-10-2014,7.309999942779541,7.380000114440918,14900,7.480000019073486,7.349999904632568,4.421062469482422
31-10-2014,7.139999866485596,7.28000020980835,31600,7.409999847412109,7.170000076293945,4.312791347503662
03-11-2014,7.179999828338623,7.269999980926514,13100,7.429999828338623,7.21999979019165,4.34286642074585
04-11-2014,7.130000114440918,7.130000114440918,13400,7.300000190734863,7.21999979019165,4.34286642074585
05-11-2014,7.269999980926514,7.329999923706055,3300,7.5,7.269999980926514,4.372941017150879
06-11-2014,7.269999980926514,7.360000133514404,10800,7.489999771118164,7.329999923706055,4.409031391143799
07-11-2014,7.179999828338623,7.260000228881836,8500,7.329999923706055,7.179999828338623,4.318805694580078
10-11-2014,7.190000057220459,7.199999809265137,6300,7.360000133514404,7.199999809265137,4.330835819244385
11-11-2014,7.159999847412109,7.199999809265137,17900,7.329999923706055,7.199999809265137,4.330835819244385
12-11-2014,7.150000095367432,7.210000038146973,4600,7.230000019073486,7.170000076293945,4.312791347503662
13-11-2014,7.099999904632568,7.199999809265137,47200,7.389999866485596,7.380000114440918,4.439106464385986
14-11-2014,7.119999885559082,7.260000228881836,10700,7.369999885559082,7.150000095367432,4.300760746002197
17-11-2014,7.099999904632568,7.099999904632568,8900,7.25,7.21999979019165,4.34286642074585
18-11-2014,7.070000171661377,7.289999961853027,14500,7.5,7.5,4.511287212371826
19-11-2014,7.119999885559082,7.199999809265137,20900,7.440000057220459,7.199999809265137,4.330835819244385
20-11-2014,7.159999847412109,7.159999847412109,8800,7.409999847412109,7.329999923706055,4.409031391143799
21-11-2014,7.170000076293945,7.25,14100,7.380000114440918,7.190000057220459,4.3248209953308105
24-11-2014,7.179999828338623,7.320000171661377,9900,7.320000171661377,7.239999771118164,4.354896545410156
25-11-2014,7.25,7.25,2200,7.380000114440918,7.380000114440918,4.439106464385986
26-11-2014,7.369999885559082,7.369999885559082,12800,7.409999847412109,7.400000095367432,4.451136112213135
28-11-2014,7.260000228881836,7.340000152587891,2900,7.440000057220459,7.260000228881836,4.366926670074463
01-12-2014,7.179999828338623,7.329999923706055,1800,7.329999923706055,7.21999979019165,4.34286642074585
02-12-2014,7.269999980926514,7.269999980926514,8200,7.440000057220459,7.429999828338623,4.469182968139648
03-12-2014,7.429999828338623,7.53000020980835,18500,7.590000152587891,7.460000038146973,4.487226486206055
04-12-2014,7.5,7.510000228881836,9300,7.630000114440918,7.619999885559082,4.583468437194824
05-12-2014,7.480000019073486,7.570000171661377,2600,7.619999885559082,7.619999885559082,4.583468437194824
08-12-2014,7.369999885559082,7.510000228881836,6300,7.559999942779541,7.480000019073486,4.499256610870361
09-12-2014,7.230000019073486,7.360000133514404,8400,7.480000019073486,7.230000019073486,4.348881244659424
10-12-2014,7.150000095367432,7.199999809265137,17100,7.5,7.28000020980835,4.427951335906982
11-12-2014,7.300000190734863,7.320000171661377,7300,7.460000038146973,7.460000038146973,4.537434101104736
12-12-2014,7.489999771118164,7.550000190734863,1700,7.550000190734863,7.539999961853027,4.586092472076416
15-12-2014,7.21999979019165,7.5,13300,7.5,7.260000228881836,4.415787696838379
16-12-2014,7.239999771118164,7.239999771118164,11400,7.489999771118164,7.309999942779541,4.446199417114258
17-12-2014,7.320000171661377,7.380000114440918,18700,7.619999885559082,7.510000228881836,4.567845344543457
18-12-2014,7.300000190734863,7.559999942779541,19500,7.619999885559082,7.519999980926514,4.5739264488220215
19-12-2014,7.320000171661377,7.460000038146973,9900,7.46999979019165,7.400000095367432,4.500939846038818
22-12-2014,7.309999942779541,7.320000171661377,26300,7.619999885559082,7.579999923706055,4.610422134399414
23-12-2014,7.360000133514404,7.429999828338623,5900,7.550000190734863,7.539999961853027,4.586092472076416
24-12-2014,7.539999961853027,7.550000190734863,14700,7.739999771118164,7.739999771118164,4.707740306854248
26-12-2014,7.510000228881836,7.510000228881836,2100,7.699999809265137,7.699999809265137,4.68341064453125
29-12-2014,7.550000190734863,7.670000076293945,4700,7.75,7.699999809265137,4.68341064453125
30-12-2014,7.599999904632568,7.78000020980835,29100,7.78000020980835,7.599999904632568,4.622586250305176
31-12-2014,7.590000152587891,7.590000152587891,3400,7.769999980926514,7.769999980926514,4.725987434387207
02-01-2015,7.739999771118164,7.78000020980835,7000,7.800000190734863,7.800000190734863,4.744234561920166
05-01-2015,7.610000133514404,7.800000190734863,14400,7.900000095367432,7.849999904632568,4.7746453285217285
06-01-2015,7.710000038146973,7.760000228881836,4800,7.880000114440918,7.78000020980835,4.73206901550293
07-01-2015,7.849999904632568,7.849999904632568,18200,8.0,8.0,4.865881443023682
08-01-2015,8.0,8.039999961853027,7200,8.149999618530273,8.010000228881836,4.871962547302246
09-01-2015,8.010000228881836,8.010000228881836,700,8.050000190734863,8.050000190734863,4.896292686462402
12-01-2015,8.0600004196167,8.149999618530273,6800,8.149999618530273,8.149999618530273,4.95711612701416
13-01-2015,8.0,8.140000343322754,1500,8.140000343322754,8.100000381469727,4.9267048835754395
14-01-2015,7.449999809265137,7.989999771118164,36300,8.100000381469727,7.829999923706055,4.762481689453125
15-01-2015,7.690000057220459,7.860000133514404,7000,7.929999828338623,7.900000095367432,4.805058002471924
16-01-2015,7.769999980926514,7.949999809265137,9000,8.0,7.940000057220459,4.8293867111206055
20-01-2015,7.840000152587891,7.900000095367432,4800,8.09000015258789,8.09000015258789,4.920622825622559
21-01-2015,8.050000190734863,8.100000381469727,4000,8.100000381469727,8.050000190734863,4.896292686462402
22-01-2015,8.0,8.039999961853027,3100,8.100000381469727,8.020000457763672,4.87804651260376
23-01-2015,7.880000114440918,7.880000114440918,4900,8.010000228881836,8.0,4.865881443023682
26-01-2015,8.0,8.0,5200,8.109999656677246,8.010000228881836,4.871962547302246
27-01-2015,7.800000190734863,7.989999771118164,6500,8.09000015258789,8.050000190734863,4.896292686462402
28-01-2015,7.860000133514404,8.079999923706055,4900,8.079999923706055,7.960000038146973,4.841551303863525
29-01-2015,8.010000228881836,8.0600004196167,3800,8.09000015258789,8.029999732971191,4.884127616882324
30-01-2015,7.929999828338623,8.100000381469727,1700,8.100000381469727,7.929999828338623,4.823304653167725
02-02-2015,7.800000190734863,7.929999828338623,9900,8.130000114440918,8.109999656677246,4.93278694152832
03-02-2015,7.869999885559082,7.869999885559082,4300,8.09000015258789,8.050000190734863,4.896292686462402
04-02-2015,8.039999961853027,8.079999923706055,1100,8.079999923706055,8.039999961853027,4.8902106285095215
05-02-2015,7.989999771118164,8.109999656677246,2400,8.130000114440918,8.100000381469727,4.9267048835754395
06-02-2015,8.109999656677246,8.130000114440918,12000,8.149999618530273,8.149999618530273,4.95711612701416
09-02-2015,8.130000114440918,8.149999618530273,2600,8.1899995803833,8.130000114440918,4.94495153427124
10-02-2015,8.140000343322754,8.1899995803833,10100,8.279999732971191,8.180000305175781,4.975363731384277
11-02-2015,8.329999923706055,8.329999923706055,30300,8.779999732971191,8.539999961853027,5.194329261779785
12-02-2015,8.390000343322754,8.640000343322754,12100,8.640000343322754,8.619999885559082,5.242987155914307
13-02-2015,8.510000228881836,8.510000228881836,3000,8.600000381469727,8.59000015258789,5.224740505218506
17-02-2015,8.279999732971191,8.40999984741211,8700,8.470000267028809,8.279999732971191,5.036186695098877
18-02-2015,8.229999542236328,8.229999542236328,1800,8.430000305175781,8.3100004196167,5.0544328689575195
19-02-2015,8.15999984741211,8.319999694824219,12200,8.319999694824219,8.270000457763672,5.030104160308838
20-02-2015,8.210000038146973,8.630000114440918,11000,8.630000114440918,8.319999694824219,5.060516357421875
23-02-2015,8.25,8.380000114440918,6500,8.449999809265137,8.359999656677246,5.084845542907715
24-02-2015,8.210000038146973,8.430000305175781,7700,8.430000305175781,8.359999656677246,5.084845542907715
25-02-2015,8.239999771118164,8.25,9200,8.430000305175781,8.270000457763672,5.030104160308838
26-02-2015,8.15999984741211,8.15999984741211,1000,8.289999961853027,8.289999961853027,5.0422682762146
27-02-2015,8.270000457763672,8.289999961853027,5300,8.399999618530273,8.399999618530273,5.109174728393555
02-03-2015,8.289999961853027,8.449999809265137,6800,8.449999809265137,8.4399995803833,5.133504390716553
03-03-2015,8.34000015258789,8.34000015258789,7300,8.4399995803833,8.390000343322754,5.10309362411499
04-03-2015,8.25,8.25,2700,8.399999618530273,8.380000114440918,5.097010135650635
05-03-2015,8.210000038146973,8.210000038146973,6800,8.399999618530273,8.359999656677246,5.084845542907715
06-03-2015,8.1899995803833,8.25,20000,8.34000015258789,8.34000015258789,5.072680473327637
09-03-2015,8.279999732971191,8.380000114440918,8900,8.420000076293945,8.359999656677246,5.084845542907715
10-03-2015,8.149999618530273,8.40999984741211,12600,8.40999984741211,8.279999732971191,5.036186695098877
11-03-2015,7.960000038146973,8.289999961853027,12500,8.289999961853027,7.960000038146973,4.888786792755127
12-03-2015,7.510000228881836,7.960000038146973,65600,8.020000457763672,7.840000152587891,4.81508731842041
13-03-2015,7.650000095367432,7.800000190734863,71900,7.940000057220459,7.920000076293945,4.8642191886901855
16-03-2015,7.639999866485596,7.989999771118164,28000,8.050000190734863,7.71999979019165,4.741386413574219
17-03-2015,7.75,8.380000114440918,22900,8.380000114440918,7.78000020980835,4.778235912322998
18-03-2015,7.75,7.849999904632568,5200,7.849999904632568,7.760000228881836,4.765952110290527
19-03-2015,7.75,7.989999771118164,12400,8.050000190734863,7.75,4.7598114013671875
20-03-2015,7.800000190734863,7.889999866485596,16500,8.100000381469727,7.820000171661377,4.802802085876465
23-03-2015,7.800000190734863,7.820000171661377,15700,8.069999694824219,7.820000171661377,4.802802085876465
24-03-2015,7.78000020980835,7.800000190734863,8200,7.929999828338623,7.809999942779541,4.79665994644165
25-03-2015,7.71999979019165,7.849999904632568,19500,7.960000038146973,7.849999904632568,4.821228504180908
26-03-2015,7.760000228881836,7.900000095367432,11300,7.920000076293945,7.800000190734863,4.7905192375183105
27-03-2015,7.650000095367432,7.699999809265137,22300,7.849999904632568,7.699999809265137,4.72910213470459
30-03-2015,7.670000076293945,7.769999980926514,13600,7.920000076293945,7.809999942779541,4.79665994644165
31-03-2015,7.679999828338623,7.789999961853027,7000,7.809999942779541,7.739999771118164,4.753669261932373
01-04-2015,7.739999771118164,7.800000190734863,12800,8.100000381469727,7.989999771118164,4.907210826873779
02-04-2015,7.909999847412109,7.920000076293945,8500,8.119999885559082,8.119999885559082,4.987054347991943
06-04-2015,7.900000095367432,8.119999885559082,14800,8.119999885559082,8.050000190734863,4.944061279296875
07-04-2015,8.050000190734863,8.050000190734863,13500,8.319999694824219,8.239999771118164,5.060754299163818
08-04-2015,8.260000228881836,8.289999961853027,48600,8.619999885559082,8.609999656677246,5.287996768951416
09-04-2015,8.399999618530273,8.5,7600,8.550000190734863,8.5,5.220437526702881
10-04-2015,8.40999984741211,8.489999771118164,5300,8.5,8.5,5.220437526702881
13-04-2015,8.4399995803833,8.449999809265137,7600,8.5,8.479999542236328,5.20815372467041
14-04-2015,8.210000038146973,8.40999984741211,21300,8.489999771118164,8.489999771118164,5.214296817779541
15-04-2015,8.239999771118164,8.399999618530273,15700,8.470000267028809,8.369999885559082,5.140595436096191
16-04-2015,8.3100004196167,8.34000015258789,10400,8.5,8.3100004196167,5.10374641418457
17-04-2015,8.260000228881836,8.3100004196167,9900,8.399999618530273,8.3100004196167,5.10374641418457
20-04-2015,8.270000457763672,8.270000457763672,9300,8.390000343322754,8.270000457763672,5.079179286956787
21-04-2015,8.0,8.260000228881836,8700,8.3100004196167,8.020000457763672,4.925635814666748
22-04-2015,7.949999809265137,7.949999809265137,6600,8.149999618530273,8.119999885559082,4.987054347991943
23-04-2015,8.010000228881836,8.149999618530273,9000,8.149999618530273,8.050000190734863,4.944061279296875
24-04-2015,8.0,8.100000381469727,6000,8.119999885559082,8.069999694824219,4.956345081329346
27-04-2015,8.029999732971191,8.029999732971191,5500,8.130000114440918,8.069999694824219,4.956345081329346
28-04-2015,8.029999732971191,8.100000381469727,3900,8.100000381469727,8.029999732971191,4.931777000427246
29-04-2015,8.039999961853027,8.069999694824219,4100,8.069999694824219,8.039999961853027,4.937920093536377
30-04-2015,8.010000228881836,8.039999961853027,3800,8.0600004196167,8.020000457763672,4.925635814666748
01-05-2015,8.010000228881836,8.020000457763672,12000,8.289999961853027,8.039999961853027,4.937920093536377
04-05-2015,8.010000228881836,8.100000381469727,11900,8.220000267028809,8.15999984741211,5.01162052154541
05-05-2015,8.0600004196167,8.140000343322754,1000,8.1899995803833,8.0600004196167,4.9502034187316895
06-05-2015,8.0,8.029999732971191,10200,8.130000114440918,8.050000190734863,4.944061279296875
07-05-2015,8.029999732971191,8.300000190734863,3200,8.300000190734863,8.029999732971191,4.931777000427246
08-05-2015,8.0600004196167,8.0600004196167,2200,8.109999656677246,8.100000381469727,4.9747700691223145
11-05-2015,8.010000228881836,8.100000381469727,4200,8.100000381469727,8.069999694824219,4.956345081329346
12-05-2015,8.079999923706055,8.079999923706055,2000,8.100000381469727,8.100000381469727,4.9747700691223145
13-05-2015,7.880000114440918,8.0,7400,8.109999656677246,7.880000114440918,4.839653491973877
14-05-2015,8.039999961853027,8.079999923706055,5500,8.220000267028809,8.050000190734863,4.944061279296875
15-05-2015,7.989999771118164,8.050000190734863,1800,8.050000190734863,8.039999961853027,4.937920093536377
18-05-2015,8.1899995803833,8.1899995803833,1300,8.1899995803833,8.1899995803833,5.030044078826904
19-05-2015,7.909999847412109,7.909999847412109,3400,8.0600004196167,7.960000038146973,4.888786792755127
20-05-2015,7.949999809265137,7.949999809265137,7500,8.069999694824219,8.010000228881836,4.919495582580566
21-05-2015,7.980000019073486,8.0,7500,8.050000190734863,8.0,4.913353443145752
22-05-2015,7.96999979019165,8.050000190734863,5300,8.050000190734863,8.029999732971191,4.931777000427246
26-05-2015,7.949999809265137,7.949999809265137,4600,8.020000457763672,8.0,4.913353443145752
27-05-2015,7.900000095367432,7.949999809265137,15000,8.140000343322754,8.0,4.913353443145752
28-05-2015,7.96999979019165,8.279999732971191,6600,8.279999732971191,8.0,4.913353443145752
29-05-2015,8.0,8.020000457763672,3800,8.020000457763672,8.020000457763672,4.925635814666748
01-06-2015,7.949999809265137,8.010000228881836,4600,8.0600004196167,8.020000457763672,4.925635814666748
02-06-2015,7.949999809265137,7.960000038146973,2400,7.960000038146973,7.960000038146973,4.888786792755127
03-06-2015,7.949999809265137,7.960000038146973,5700,8.039999961853027,7.949999809265137,4.882645606994629
04-06-2015,8.0,8.079999923706055,1000,8.079999923706055,8.0,4.913353443145752
05-06-2015,7.949999809265137,7.949999809265137,1900,8.09000015258789,8.050000190734863,4.944061279296875
08-06-2015,8.0,8.0,2700,8.09000015258789,8.050000190734863,4.944061279296875
09-06-2015,8.039999961853027,8.039999961853027,1900,8.069999694824219,8.039999961853027,4.937920093536377
10-06-2015,7.909999847412109,8.149999618530273,9200,8.149999618530273,8.029999732971191,4.981343746185303
11-06-2015,7.940000057220459,7.940000057220459,31100,8.460000038146973,8.329999923706055,5.167446613311768
12-06-2015,8.0,8.449999809265137,30400,8.449999809265137,8.380000114440918,5.198462009429932
15-06-2015,8.020000457763672,8.380000114440918,19700,8.420000076293945,8.130000114440918,5.0433783531188965
16-06-2015,8.0,8.130000114440918,8300,8.140000343322754,8.050000190734863,4.993751525878906
17-06-2015,8.010000228881836,8.010000228881836,3700,8.15999984741211,8.020000457763672,4.975139617919922
18-06-2015,7.920000076293945,8.010000228881836,12000,8.180000305175781,8.180000305175781,5.074394226074219
19-06-2015,7.769999980926514,8.020000457763672,15600,8.180000305175781,7.769999980926514,4.8200554847717285
22-06-2015,8.050000190734863,8.050000190734863,4100,8.09000015258789,8.09000015258789,5.018563747406006
23-06-2015,7.989999771118164,8.050000190734863,3100,8.050000190734863,8.050000190734863,4.993751525878906
24-06-2015,7.909999847412109,7.909999847412109,8900,8.050000190734863,8.029999732971191,4.981343746185303
25-06-2015,7.940000057220459,7.940000057220459,9600,8.149999618530273,8.149999618530273,5.055785179138184
26-06-2015,8.050000190734863,8.149999618530273,9200,8.149999618530273,8.050000190734863,4.993751525878906
29-06-2015,7.960000038146973,8.15999984741211,4300,8.170000076293945,8.109999656677246,5.030970573425293
30-06-2015,7.920000076293945,8.079999923706055,6000,8.079999923706055,8.0,4.962733745574951
01-07-2015,7.940000057220459,8.0,4000,8.079999923706055,7.940000057220459,4.925512313842773
02-07-2015,8.039999961853027,8.0600004196167,8900,8.109999656677246,8.050000190734863,4.993751525878906
06-07-2015,7.980000019073486,7.980000019073486,7900,8.100000381469727,8.100000381469727,5.02476692199707
07-07-2015,7.989999771118164,7.989999771118164,3500,8.100000381469727,8.100000381469727,5.02476692199707
08-07-2015,7.960000038146973,8.029999732971191,4700,8.069999694824219,8.050000190734863,4.993751525878906
09-07-2015,7.900000095367432,8.079999923706055,6000,8.09000015258789,8.050000190734863,4.993751525878906
10-07-2015,8.0,8.0,3700,8.050000190734863,8.050000190734863,4.993751525878906
13-07-2015,7.989999771118164,7.989999771118164,6500,8.09000015258789,8.069999694824219,5.006156921386719
14-07-2015,7.989999771118164,8.039999961853027,36900,8.079999923706055,8.010000228881836,4.968936920166016
15-07-2015,7.949999809265137,7.949999809265137,6600,8.09000015258789,8.09000015258789,5.018563747406006
16-07-2015,7.980000019073486,8.100000381469727,2200,8.100000381469727,8.09000015258789,5.018563747406006
17-07-2015,8.020000457763672,8.050000190734863,2800,8.100000381469727,8.100000381469727,5.02476692199707
20-07-2015,8.020000457763672,8.020000457763672,4100,8.109999656677246,8.109999656677246,5.030970573425293
21-07-2015,8.050000190734863,8.100000381469727,7500,8.100000381469727,8.100000381469727,5.02476692199707
22-07-2015,8.020000457763672,8.100000381469727,2300,8.109999656677246,8.09000015258789,5.018563747406006
23-07-2015,8.050000190734863,8.149999618530273,12800,8.149999618530273,8.0600004196167,4.999955177307129
24-07-2015,8.050000190734863,8.09000015258789,6100,8.100000381469727,8.069999694824219,5.006156921386719
27-07-2015,8.050000190734863,8.100000381469727,11000,8.100000381469727,8.0600004196167,4.999955177307129
28-07-2015,8.039999961853027,8.039999961853027,5300,8.079999923706055,8.0600004196167,4.999955177307129
29-07-2015,8.0,8.029999732971191,15400,8.100000381469727,8.09000015258789,5.018563747406006
30-07-2015,8.09000015258789,8.09000015258789,2900,8.109999656677246,8.109999656677246,5.030970573425293
31-07-2015,8.0,8.100000381469727,2100,8.119999885559082,8.050000190734863,4.993751525878906
03-08-2015,8.0,8.0,1900,8.029999732971191,8.029999732971191,4.981343746185303
04-08-2015,8.029999732971191,8.050000190734863,3200,8.050000190734863,8.050000190734863,4.993751525878906
05-08-2015,8.0,8.050000190734863,7200,8.09000015258789,8.09000015258789,5.018563747406006
06-08-2015,8.0,8.0,12900,8.0600004196167,8.0600004196167,4.999955177307129
07-08-2015,8.0,8.010000228881836,12600,8.119999885559082,8.09000015258789,5.018563747406006
10-08-2015,8.0,8.039999961853027,5700,8.0600004196167,8.0600004196167,4.999955177307129
11-08-2015,8.039999961853027,8.069999694824219,2700,8.130000114440918,8.079999923706055,5.012360572814941
12-08-2015,8.109999656677246,8.199999809265137,10200,8.199999809265137,8.199999809265137,5.086802005767822
13-08-2015,8.130000114440918,8.130000114440918,3700,8.260000228881836,8.220000267028809,5.099208831787109
14-08-2015,8.050000190734863,8.220000267028809,16000,8.229999542236328,8.119999885559082,5.037175178527832
17-08-2015,7.96999979019165,8.170000076293945,9600,8.180000305175781,8.100000381469727,5.02476692199707
18-08-2015,8.100000381469727,8.170000076293945,2000,8.170000076293945,8.15999984741211,5.061988830566406
19-08-2015,8.050000190734863,8.100000381469727,6100,8.119999885559082,8.100000381469727,5.02476692199707
20-08-2015,8.050000190734863,8.050000190734863,3200,8.09000015258789,8.079999923706055,5.012360572814941
21-08-2015,8.0,8.050000190734863,3900,8.050000190734863,8.039999961853027,4.987547397613525
24-08-2015,7.880000114440918,7.880000114440918,11600,8.0,7.920000076293945,4.9131059646606445
25-08-2015,7.869999885559082,7.869999885559082,19000,7.989999771118164,7.880000114440918,4.8882927894592285
26-08-2015,7.900000095367432,7.929999828338623,18100,8.0,8.0,4.962733745574951
27-08-2015,8.0600004196167,8.100000381469727,7700,8.100000381469727,8.100000381469727,5.02476692199707
28-08-2015,8.069999694824219,8.100000381469727,22900,8.180000305175781,8.069999694824219,5.006156921386719
31-08-2015,8.079999923706055,8.09000015258789,8600,8.149999618530273,8.079999923706055,5.012360572814941
01-09-2015,8.020000457763672,8.100000381469727,2900,8.130000114440918,8.109999656677246,5.030970573425293
02-09-2015,7.960000038146973,8.100000381469727,13000,8.100000381469727,7.96999979019165,4.944122314453125
03-09-2015,7.949999809265137,8.0,5400,8.100000381469727,8.010000228881836,4.968936920166016
04-09-2015,8.069999694824219,8.09000015258789,7600,8.100000381469727,8.100000381469727,5.02476692199707
08-09-2015,8.069999694824219,8.149999618530273,29800,8.25,8.1899995803833,5.080597400665283
09-09-2015,8.069999694824219,8.25,5600,8.25,8.069999694824219,5.055539608001709
10-09-2015,8.069999694824219,8.069999694824219,3600,8.180000305175781,8.180000305175781,5.12445068359375
11-09-2015,8.039999961853027,8.039999961853027,14600,8.25,8.09000015258789,5.068068027496338
14-09-2015,8.0600004196167,8.09000015258789,4800,8.109999656677246,8.109999656677246,5.080597400665283
15-09-2015,8.050000190734863,8.119999885559082,3700,8.149999618530273,8.130000114440918,5.0931267738342285
16-09-2015,8.050000190734863,8.149999618530273,9400,8.149999618530273,8.079999923706055,5.061804294586182
17-09-2015,8.050000190734863,8.109999656677246,13200,8.180000305175781,8.140000343322754,5.099391460418701
18-09-2015,8.020000457763672,8.050000190734863,31400,8.25,8.149999618530273,5.105656623840332
21-09-2015,8.039999961853027,8.130000114440918,8900,8.239999771118164,8.15999984741211,5.111920356750488
22-09-2015,8.069999694824219,8.079999923706055,19700,8.210000038146973,8.100000381469727,5.074334144592285
23-09-2015,7.909999847412109,8.170000076293945,331000,8.25,7.920000076293945,4.961569786071777
24-09-2015,7.829999923706055,7.889999866485596,50800,7.920000076293945,7.889999866485596,4.942776679992676
25-09-2015,7.75,7.920000076293945,20800,8.0600004196167,8.0600004196167,5.0492753982543945
28-09-2015,8.029999732971191,8.079999923706055,17100,8.199999809265137,8.029999732971191,5.030481815338135
29-09-2015,8.039999961853027,8.109999656677246,8900,8.239999771118164,8.170000076293945,5.118185520172119
30-09-2015,8.109999656677246,8.1899995803833,5800,8.25,8.199999809265137,5.136979103088379
01-10-2015,8.079999923706055,8.140000343322754,2800,8.199999809265137,8.09000015258789,5.068068027496338
02-10-2015,8.050000190734863,8.140000343322754,3100,8.140000343322754,8.09000015258789,5.068068027496338
05-10-2015,7.929999828338623,8.039999961853027,69100,8.25,8.199999809265137,5.136979103088379
06-10-2015,8.0600004196167,8.220000267028809,4200,8.220000267028809,8.100000381469727,5.074334144592285
07-10-2015,8.119999885559082,8.170000076293945,7500,8.25,8.210000038146973,5.14324426651001
08-10-2015,8.180000305175781,8.239999771118164,4200,8.25,8.25,5.168303966522217
09-10-2015,8.170000076293945,8.25,4300,8.25,8.25,5.168303966522217
12-10-2015,8.140000343322754,8.260000228881836,7300,8.279999732971191,8.239999771118164,5.162037372589111
13-10-2015,8.210000038146973,8.210000038146973,2500,8.300000190734863,8.279999732971191,5.18709659576416
14-10-2015,8.270000457763672,8.3100004196167,9600,8.359999656677246,8.34000015258789,5.224684715270996
15-10-2015,8.260000228881836,8.359999656677246,45300,8.970000267028809,8.789999961853027,5.506592750549316
16-10-2015,8.680000305175781,8.84000015258789,19200,8.84000015258789,8.720000267028809,5.46273946762085
19-10-2015,8.359999656677246,8.829999923706055,50100,8.829999923706055,8.470000267028809,5.306123733520508
20-10-2015,8.4399995803833,8.600000381469727,17400,8.600000381469727,8.5,5.324917316436768
21-10-2015,8.25,8.430000305175781,24400,8.5600004196167,8.25,5.168303966522217
22-10-2015,8.199999809265137,8.3100004196167,7200,8.329999923706055,8.289999961853027,5.193362236022949
23-10-2015,8.199999809265137,8.359999656677246,13700,8.359999656677246,8.300000190734863,5.199626922607422
26-10-2015,8.25,8.319999694824219,4900,8.34000015258789,8.3100004196167,5.205891132354736
27-10-2015,8.289999961853027,8.390000343322754,5500,8.460000038146973,8.3100004196167,5.205891132354736
28-10-2015,8.319999694824219,8.420000076293945,5100,8.460000038146973,8.420000076293945,5.274800777435303
29-10-2015,8.380000114440918,8.380000114440918,5100,8.489999771118164,8.489999771118164,5.318653583526611
30-10-2015,8.350000381469727,8.489999771118164,12000,8.529999732971191,8.359999656677246,5.237212181091309
02-11-2015,8.369999885559082,8.399999618530273,11700,8.479999542236328,8.430000305175781,5.28106689453125
03-11-2015,8.489999771118164,8.489999771118164,7400,8.529999732971191,8.5,5.324917316436768
04-11-2015,8.369999885559082,8.489999771118164,7000,8.539999961853027,8.470000267028809,5.306123733520508
05-11-2015,8.270000457763672,8.399999618530273,5300,8.579999923706055,8.399999618530273,5.262271881103516
06-11-2015,8.25,8.25,12700,8.539999961853027,8.319999694824219,5.212154865264893
09-11-2015,8.359999656677246,8.359999656677246,8200,8.5,8.449999809265137,5.293594837188721
10-11-2015,8.210000038146973,8.489999771118164,27200,8.579999923706055,8.279999732971191,5.18709659576416
11-11-2015,8.199999809265137,8.369999885559082,12800,8.569999694824219,8.390000343322754,5.256008148193359
12-11-2015,8.380000114440918,8.449999809265137,23200,8.579999923706055,8.380000114440918,5.249742031097412
13-11-2015,8.319999694824219,8.449999809265137,10800,8.5600004196167,8.430000305175781,5.28106689453125
16-11-2015,8.229999542236328,8.390000343322754,9700,8.550000190734863,8.449999809265137,5.293594837188721
17-11-2015,8.399999618530273,8.399999618530273,3800,8.5,8.489999771118164,5.318653583526611
18-11-2015,8.4399995803833,8.4399995803833,14100,8.529999732971191,8.489999771118164,5.318653583526611
19-11-2015,8.470000267028809,8.5,19300,8.529999732971191,8.470000267028809,5.306123733520508
20-11-2015,8.4399995803833,8.489999771118164,12400,8.579999923706055,8.489999771118164,5.318653583526611
23-11-2015,8.460000038146973,8.539999961853027,19800,8.579999923706055,8.539999961853027,5.349976062774658
24-11-2015,8.5,8.510000228881836,10600,8.59000015258789,8.529999732971191,5.343711853027344
25-11-2015,8.510000228881836,8.510000228881836,51200,8.680000305175781,8.609999656677246,5.393828392028809
27-11-2015,8.479999542236328,8.600000381469727,5200,8.600000381469727,8.479999542236328,5.312387943267822
30-11-2015,8.520000457763672,8.539999961853027,26100,8.850000381469727,8.850000381469727,5.544180870056152
01-12-2015,8.5,8.850000381469727,13800,8.850000381469727,8.5600004196167,5.362505912780762
02-12-2015,8.470000267028809,8.550000190734863,15600,8.579999923706055,8.470000267028809,5.306123733520508
03-12-2015,8.300000190734863,8.449999809265137,31000,8.600000381469727,8.3100004196167,5.205891132354736
04-12-2015,8.380000114440918,8.380000114440918,2600,8.550000190734863,8.470000267028809,5.306123733520508
07-12-2015,8.319999694824219,8.449999809265137,6100,8.460000038146973,8.420000076293945,5.274800777435303
08-12-2015,8.390000343322754,8.449999809265137,3000,8.449999809265137,8.40999984741211,5.2685370445251465
09-12-2015,8.25,8.359999656677246,7000,8.460000038146973,8.430000305175781,5.331784725189209
10-12-2015,8.25,8.420000076293945,15400,8.470000267028809,8.470000267028809,5.357083320617676
11-12-2015,8.380000114440918,8.380000114440918,17500,8.600000381469727,8.520000457763672,5.388707637786865
14-12-2015,8.25,8.489999771118164,17300,8.5600004196167,8.300000190734863,5.249563217163086
15-12-2015,8.1899995803833,8.390000343322754,22800,8.420000076293945,8.289999961853027,5.243238925933838
16-12-2015,8.020000457763672,8.300000190734863,28800,8.300000190734863,8.069999694824219,5.104092597961426
17-12-2015,7.849999904632568,8.1899995803833,39700,8.1899995803833,8.0,5.05981969833374
18-12-2015,7.900000095367432,7.909999847412109,12200,8.0,7.949999809265137,5.028194904327393
21-12-2015,7.889999866485596,7.920000076293945,12500,7.989999771118164,7.909999847412109,5.002896308898926
22-12-2015,7.889999866485596,7.920000076293945,32300,8.0,7.940000057220459,5.021870136260986
23-12-2015,7.960000038146973,7.960000038146973,4200,8.069999694824219,8.0600004196167,5.097768306732178
24-12-2015,8.069999694824219,8.199999809265137,3800,8.260000228881836,8.149999618530273,5.154690265655518
28-12-2015,8.079999923706055,8.260000228881836,12100,8.329999923706055,8.270000457763672,5.230588436126709
29-12-2015,8.199999809265137,8.25,11000,8.380000114440918,8.3100004196167,5.255887985229492
30-12-2015,8.3100004196167,8.420000076293945,20900,8.510000228881836,8.489999771118164,5.369732856750488
31-12-2015,8.470000267028809,8.489999771118164,6200,8.489999771118164,8.489999771118164,5.369732856750488
04-01-2016,8.229999542236328,8.579999923706055,19500,8.59000015258789,8.430000305175781,5.331784725189209
05-01-2016,8.270000457763672,8.479999542236328,62600,8.5600004196167,8.359999656677246,5.287509441375732
06-01-2016,8.25,8.3100004196167,4800,8.399999618530273,8.390000343322754,5.306485176086426
07-01-2016,8.289999961853027,8.289999961853027,6900,8.399999618530273,8.34000015258789,5.2748613357543945
08-01-2016,8.260000228881836,8.300000190734863,7100,8.520000457763672,8.520000457763672,5.388707637786865
11-01-2016,8.399999618530273,8.550000190734863,9600,8.59000015258789,8.489999771118164,5.369732856750488
12-01-2016,8.34000015258789,8.4399995803833,3200,8.539999961853027,8.470000267028809,5.357083320617676
13-01-2016,8.289999961853027,8.5,6100,8.5,8.289999961853027,5.243238925933838
14-01-2016,8.270000457763672,8.380000114440918,7700,8.380000114440918,8.279999732971191,5.236912250518799
15-01-2016,8.180000305175781,8.380000114440918,12100,8.380000114440918,8.199999809265137,5.186314582824707
19-01-2016,7.820000171661377,8.199999809265137,63200,8.239999771118164,8.010000228881836,5.06614351272583
20-01-2016,7.639999866485596,8.0,39500,8.0,7.869999885559082,4.977597236633301
21-01-2016,7.949999809265137,7.949999809265137,5300,8.180000305175781,8.130000114440918,5.142040252685547
22-01-2016,8.149999618530273,8.149999618530273,8400,8.329999923706055,8.229999542236328,5.205287933349609
25-01-2016,8.149999618530273,8.229999542236328,12500,8.4399995803833,8.220000267028809,5.1989641189575195
26-01-2016,8.270000457763672,8.460000038146973,5600,8.470000267028809,8.270000457763672,5.230588436126709
27-01-2016,8.359999656677246,8.359999656677246,2900,8.460000038146973,8.449999809265137,5.34443473815918
28-01-2016,8.300000190734863,8.5,6500,8.5,8.460000038146973,5.350758075714111
29-01-2016,8.430000305175781,8.479999542236328,14400,8.5,8.5,5.376058101654053
01-02-2016,8.260000228881836,8.5,5400,8.5,8.470000267028809,5.357083320617676
02-02-2016,8.270000457763672,8.899999618530273,10000,8.899999618530273,8.489999771118164,5.369732856750488
03-02-2016,8.399999618530273,8.489999771118164,1800,8.5,8.489999771118164,5.369732856750488
04-02-2016,8.350000381469727,8.350000381469727,4900,8.550000190734863,8.420000076293945,5.3254594802856445
05-02-2016,8.359999656677246,8.369999885559082,2800,8.539999961853027,8.4399995803833,5.338108539581299
08-02-2016,8.109999656677246,8.359999656677246,4200,8.430000305175781,8.229999542236328,5.205287933349609
09-02-2016,7.949999809265137,8.069999694824219,28400,8.140000343322754,8.09000015258789,5.116740703582764
10-02-2016,7.960000038146973,7.960000038146973,4600,8.149999618530273,8.039999961853027,5.085117340087891
11-02-2016,7.949999809265137,7.949999809265137,8000,8.5,8.180000305175781,5.1736650466918945
12-02-2016,8.079999923706055,8.289999961853027,6900,8.399999618530273,8.229999542236328,5.205287933349609
16-02-2016,8.100000381469727,8.220000267028809,9900,8.34000015258789,8.34000015258789,5.2748613357543945
17-02-2016,8.25,8.25,4300,8.5,8.300000190734863,5.249563217163086
18-02-2016,8.069999694824219,8.1899995803833,18600,8.399999618530273,8.069999694824219,5.104092597961426
19-02-2016,8.149999618530273,8.149999618530273,5800,8.300000190734863,8.239999771118164,5.211612701416016
22-02-2016,8.09000015258789,8.149999618530273,5400,8.220000267028809,8.140000343322754,5.148366451263428
23-02-2016,8.180000305175781,8.239999771118164,1700,8.239999771118164,8.210000038146973,5.1926398277282715
24-02-2016,8.170000076293945,8.170000076293945,9200,8.5,8.479999542236328,5.363407611846924
25-02-2016,8.510000228881836,8.510000228881836,7000,8.5600004196167,8.550000190734863,5.407681465148926
26-02-2016,8.539999961853027,8.5600004196167,5400,8.640000343322754,8.539999961853027,5.4013566970825195
29-02-2016,8.4399995803833,8.619999885559082,7600,8.640000343322754,8.4399995803833,5.338108539581299
01-03-2016,8.460000038146973,8.600000381469727,4700,8.670000076293945,8.59000015258789,5.432980537414551
02-03-2016,8.609999656677246,8.619999885559082,15300,8.789999961853027,8.609999656677246,5.445630073547363
03-03-2016,8.75,8.800000190734863,17600,8.800000190734863,8.770000457763672,5.54682731628418
04-03-2016,8.579999923706055,8.75,11800,8.800000190734863,8.579999923706055,5.4266557693481445
07-03-2016,8.6899995803833,8.6899995803833,11900,8.829999923706055,8.800000190734863,5.565801620483398
08-03-2016,8.5,8.829999923706055,17400,8.829999923706055,8.710000038146973,5.508877277374268
09-03-2016,8.75,8.800000190734863,5300,8.819999694824219,8.8100004196167,5.572126388549805
10-03-2016,8.699999809265137,8.829999923706055,6400,8.829999923706055,8.8100004196167,5.572126388549805
11-03-2016,8.710000038146973,8.710000038146973,6200,8.850000381469727,8.850000381469727,5.597425937652588
14-03-2016,8.829999923706055,8.84000015258789,43500,8.960000038146973,8.960000038146973,5.666996955871582
15-03-2016,8.970000267028809,8.970000267028809,27600,9.079999923706055,9.039999961853027,5.717596530914307
16-03-2016,8.720000267028809,8.949999809265137,39800,9.180000305175781,9.140000343322754,5.999865531921387
17-03-2016,8.899999618530273,9.119999885559082,15800,9.229999542236328,9.069999694824219,5.953913688659668
18-03-2016,8.8100004196167,9.0,12800,9.15999984741211,9.0,5.907964706420898
21-03-2016,8.920000076293945,8.920000076293945,22900,9.210000038146973,9.109999656677246,5.980170726776123
22-03-2016,9.0,9.100000381469727,21800,9.149999618530273,9.140000343322754,5.999865531921387
23-03-2016,9.010000228881836,9.119999885559082,25700,9.220000267028809,9.079999923706055,5.96047830581665
24-03-2016,8.9399995803833,9.119999885559082,2900,9.119999885559082,9.010000228881836,5.91452693939209
28-03-2016,9.069999694824219,9.069999694824219,30700,9.760000228881836,9.5,6.236184120178223
29-03-2016,9.380000114440918,9.449999809265137,21300,9.600000381469727,9.380000114440918,6.157411098480225
30-03-2016,9.3100004196167,9.40999984741211,13900,9.479999542236328,9.380000114440918,6.157411098480225
31-03-2016,9.25,9.380000114440918,9300,9.4399995803833,9.25,6.072073459625244
01-04-2016,9.25,9.25,7800,9.600000381469727,9.380000114440918,6.157411098480225
04-04-2016,9.260000228881836,9.369999885559082,4400,9.380000114440918,9.369999885559082,6.150845527648926
05-04-2016,9.430000305175781,9.430000305175781,14900,10.0,9.75,6.400293350219727
06-04-2016,9.300000190734863,9.649999618530273,16600,9.699999809265137,9.34000015258789,6.131153583526611
07-04-2016,9.210000038146973,9.300000190734863,18300,9.350000381469727,9.239999771118164,6.065508842468262
08-04-2016,9.1899995803833,9.359999656677246,9200,9.550000190734863,9.430000305175781,6.190234184265137
11-04-2016,9.270000457763672,9.4399995803833,8600,9.460000038146973,9.270000457763672,6.085201740264893
12-04-2016,9.25,9.329999923706055,12600,9.40999984741211,9.359999656677246,6.144280910491943
13-04-2016,9.25,9.399999618530273,8100,9.449999809265137,9.359999656677246,6.144280910491943
14-04-2016,9.279999732971191,9.279999732971191,3900,9.449999809265137,9.319999694824219,6.118023872375488
15-04-2016,9.25,9.369999885559082,3100,9.430000305175781,9.3100004196167,6.111459732055664
18-04-2016,9.350000381469727,9.380000114440918,4100,9.390000343322754,9.350000381469727,6.13771915435791
19-04-2016,9.270000457763672,9.380000114440918,3700,9.380000114440918,9.350000381469727,6.13771915435791
20-04-2016,9.0600004196167,9.319999694824219,30200,9.380000114440918,9.25,6.072073459625244
21-04-2016,9.079999923706055,9.199999809265137,15600,9.329999923706055,9.289999961853027,6.098330497741699
22-04-2016,9.1899995803833,9.279999732971191,9600,9.319999694824219,9.1899995803833,6.032686710357666
25-04-2016,9.180000305175781,9.180000305175781,4400,9.270000457763672,9.260000228881836,6.078638553619385
26-04-2016,9.3100004196167,9.319999694824219,7200,9.390000343322754,9.3100004196167,6.111459732055664
27-04-2016,9.149999618530273,9.3100004196167,6400,9.3100004196167,9.199999809265137,6.039251327514648
28-04-2016,9.09000015258789,9.180000305175781,5000,9.180000305175781,9.140000343322754,5.999865531921387
29-04-2016,9.140000343322754,9.180000305175781,3900,9.199999809265137,9.180000305175781,6.026123523712158
02-05-2016,9.100000381469727,9.25,2800,9.25,9.140000343322754,5.999865531921387
03-05-2016,9.020000457763672,9.0600004196167,17000,9.119999885559082,9.109999656677246,5.980170726776123
04-05-2016,9.010000228881836,9.149999618530273,22200,9.3100004196167,9.3100004196167,6.111459732055664
05-05-2016,9.199999809265137,9.25,1500,9.369999885559082,9.210000038146973,6.045816421508789
06-05-2016,9.149999618530273,9.149999618530273,5300,9.369999885559082,9.34000015258789,6.131153583526611
09-05-2016,9.170000076293945,9.279999732971191,19000,9.369999885559082,9.1899995803833,6.032686710357666
10-05-2016,9.15999984741211,9.319999694824219,21400,9.479999542236328,9.479999542236328,6.223055839538574
11-05-2016,9.0,9.010000228881836,3700,9.479999542236328,9.449999809265137,6.203361988067627
12-05-2016,9.300000190734863,9.449999809265137,6200,9.470000267028809,9.300000190734863,6.104895114898682
13-05-2016,9.09000015258789,9.260000228881836,9200,9.4399995803833,9.289999961853027,6.098330497741699
16-05-2016,9.1899995803833,9.399999618530273,6300,9.399999618530273,9.279999732971191,6.0917649269104
17-05-2016,9.0,9.050000190734863,3600,9.369999885559082,9.210000038146973,6.045816421508789
18-05-2016,9.079999923706055,9.079999923706055,2700,9.260000228881836,9.260000228881836,6.078638553619385
19-05-2016,9.170000076293945,9.270000457763672,7200,9.460000038146973,9.350000381469727,6.13771915435791
20-05-2016,9.15999984741211,9.479999542236328,10000,9.479999542236328,9.229999542236328,6.058945178985596
23-05-2016,9.0600004196167,9.25,18600,9.319999694824219,9.180000305175781,6.026123523712158
24-05-2016,9.0,9.260000228881836,10500,9.289999961853027,9.260000228881836,6.078638553619385
25-05-2016,9.069999694824219,9.119999885559082,4200,9.180000305175781,9.119999885559082,5.986736297607422
26-05-2016,9.270000457763672,9.270000457763672,300,9.270000457763672,9.270000457763672,6.085201740264893
27-05-2016,9.359999656677246,9.359999656677246,36500,9.529999732971191,9.489999771118164,6.229619979858398
31-05-2016,9.359999656677246,9.460000038146973,12000,9.550000190734863,9.420000076293945,6.18366813659668
01-06-2016,9.470000267028809,9.479999542236328,8500,9.550000190734863,9.510000228881836,6.242747783660889
02-06-2016,9.430000305175781,9.539999961853027,7400,9.539999961853027,9.489999771118164,6.229619979858398
03-06-2016,9.5,9.520000457763672,60200,9.600000381469727,9.59000015258789,6.295262813568115
06-06-2016,9.59000015258789,9.600000381469727,18600,9.600000381469727,9.600000381469727,6.3018269538879395
07-06-2016,9.59000015258789,9.59000015258789,10300,9.600000381469727,9.59000015258789,6.295262813568115
08-06-2016,9.579999923706055,9.600000381469727,10300,9.600000381469727,9.600000381469727,6.3018269538879395
09-06-2016,9.579999923706055,9.600000381469727,20500,9.649999618530273,9.600000381469727,6.3018269538879395
10-06-2016,9.529999732971191,9.619999885559082,5800,9.619999885559082,9.539999961853027,6.2624406814575195
13-06-2016,9.199999809265137,9.199999809265137,4400,9.649999618530273,9.579999923706055,6.288699150085449
14-06-2016,9.350000381469727,9.640000343322754,8500,9.640000343322754,9.479999542236328,6.223055839538574
15-06-2016,9.289999961853027,9.479999542236328,21900,9.550000190734863,9.5,6.289257526397705
16-06-2016,9.319999694824219,9.5,1200,9.5,9.399999618530273,6.223053932189941
17-06-2016,9.300000190734863,9.319999694824219,20800,9.630000114440918,9.630000114440918,6.375321388244629
20-06-2016,9.460000038146973,9.649999618530273,11100,9.65999984741211,9.5,6.289257526397705
21-06-2016,9.449999809265137,9.449999809265137,11000,9.819999694824219,9.800000190734863,6.4878668785095215
22-06-2016,9.300000190734863,9.760000228881836,3800,9.760000228881836,9.75,6.454763412475586
23-06-2016,9.430000305175781,9.5600004196167,7300,9.8100004196167,9.710000038146973,6.428283214569092
24-06-2016,9.470000267028809,9.510000228881836,14100,9.8100004196167,9.720000267028809,6.434905052185059
27-06-2016,9.520000457763672,9.59000015258789,4400,9.59000015258789,9.539999961853027,6.315737724304199
28-06-2016,9.680000305175781,9.699999809265137,3000,9.710000038146973,9.680000305175781,6.408422946929932
29-06-2016,8.949999809265137,9.710000038146973,46000,9.760000228881836,9.239999771118164,6.117129802703857
30-06-2016,9.140000343322754,9.140000343322754,11500,9.59000015258789,9.460000038146973,6.262777328491211
01-07-2016,9.460000038146973,9.460000038146973,13000,9.789999961853027,9.779999732971191,6.474626064300537
05-07-2016,9.4399995803833,9.800000190734863,11900,9.800000190734863,9.720000267028809,6.434905052185059
06-07-2016,9.609999656677246,9.619999885559082,10800,9.699999809265137,9.6899995803833,6.415041923522949
07-07-2016,9.600000381469727,9.65999984741211,6900,9.6899995803833,9.6899995803833,6.415041923522949
08-07-2016,9.59000015258789,9.699999809265137,20100,9.699999809265137,9.680000305175781,6.408422946929932
11-07-2016,9.59000015258789,9.699999809265137,15400,9.819999694824219,9.819999694824219,6.501106262207031
12-07-2016,9.800000190734863,9.850000381469727,8400,9.949999809265137,9.9399995803833,6.580549716949463
13-07-2016,9.729999542236328,9.899999618530273,10900,9.899999618530273,9.899999618530273,6.554068088531494
14-07-2016,9.699999809265137,9.890000343322754,5600,10.0,10.0,6.620270252227783
15-07-2016,9.9399995803833,9.9399995803833,16900,10.0600004196167,10.050000190734863,6.653372287750244
18-07-2016,9.600000381469727,10.020000457763672,29100,10.1899995803833,10.119999885559082,6.699714660644531
19-07-2016,10.0600004196167,10.079999923706055,11600,10.180000305175781,10.149999618530273,6.719574928283691
20-07-2016,9.989999771118164,10.119999885559082,18800,10.130000114440918,10.050000190734863,6.653372287750244
21-07-2016,9.920000076293945,9.989999771118164,2600,10.0,9.920000076293945,6.567309856414795
22-07-2016,9.90999984741211,9.989999771118164,8000,10.0,9.960000038146973,6.593791484832764
25-07-2016,9.170000076293945,9.390000343322754,23100,10.15999984741211,10.039999961853027,6.64675235748291
26-07-2016,9.890000343322754,10.010000228881836,4700,10.010000228881836,9.989999771118164,6.613650798797607
27-07-2016,9.960000038146973,9.960000038146973,9500,10.079999923706055,10.069999694824219,6.666611671447754
28-07-2016,10.039999961853027,10.069999694824219,2100,10.069999694824219,10.039999961853027,6.64675235748291
29-07-2016,10.029999732971191,10.039999961853027,2000,10.15999984741211,10.119999885559082,6.699714660644531
01-08-2016,9.789999961853027,9.789999961853027,7200,10.170000076293945,10.170000076293945,6.732815265655518
02-08-2016,10.0,10.170000076293945,5800,10.170000076293945,10.100000381469727,6.68647575378418
03-08-2016,10.0600004196167,10.119999885559082,2000,10.119999885559082,10.0600004196167,6.659993648529053
04-08-2016,10.0,10.140000343322754,5700,10.140000343322754,10.09000015258789,6.679853439331055
05-08-2016,10.079999923706055,10.09000015258789,1600,10.119999885559082,10.079999923706055,6.673233985900879
08-08-2016,9.880000114440918,10.100000381469727,7200,10.119999885559082,10.020000457763672,6.633511543273926
09-08-2016,9.949999809265137,10.100000381469727,14600,10.119999885559082,10.119999885559082,6.699714660644531
10-08-2016,9.920000076293945,9.920000076293945,7500,10.119999885559082,10.079999923706055,6.673233985900879
11-08-2016,10.039999961853027,10.0600004196167,3500,10.0600004196167,10.050000190734863,6.653372287750244
12-08-2016,9.880000114440918,10.09000015258789,6100,10.119999885559082,9.989999771118164,6.613650798797607
15-08-2016,9.920000076293945,9.949999809265137,10700,10.0,9.930000305175781,6.5739288330078125
16-08-2016,9.869999885559082,9.899999618530273,6600,9.979999542236328,9.920000076293945,6.567309856414795
17-08-2016,9.880000114440918,9.989999771118164,6300,9.989999771118164,9.890000343322754,6.54744815826416
18-08-2016,9.829999923706055,9.979999542236328,13700,9.979999542236328,9.850000381469727,6.52096700668335
19-08-2016,9.819999694824219,9.850000381469727,8600,9.899999618530273,9.880000114440918,6.54082727432251
22-08-2016,9.880000114440918,9.930000305175781,4200,9.989999771118164,9.9399995803833,6.580549716949463
23-08-2016,9.930000305175781,10.0,5600,10.109999656677246,9.970000267028809,6.600409507751465
24-08-2016,9.960000038146973,10.0,6400,10.15999984741211,9.979999542236328,6.607029914855957
25-08-2016,9.779999732971191,9.989999771118164,5400,10.0,9.989999771118164,6.613650798797607
26-08-2016,9.979999542236328,10.020000457763672,16400,10.039999961853027,10.029999732971191,6.640132427215576
29-08-2016,9.949999809265137,10.039999961853027,6600,10.039999961853027,9.989999771118164,6.613650798797607
30-08-2016,9.9399995803833,10.029999732971191,5900,10.029999732971191,9.970000267028809,6.600409507751465
31-08-2016,10.0,10.0,3400,10.029999732971191,10.029999732971191,6.640132427215576
01-09-2016,10.0,10.0,5500,10.119999885559082,10.010000228881836,6.626890659332275
02-09-2016,10.0,10.069999694824219,2000,10.15999984741211,10.020000457763672,6.633511543273926
06-09-2016,9.960000038146973,10.100000381469727,4100,10.140000343322754,10.010000228881836,6.626890659332275
07-09-2016,10.0,10.140000343322754,10400,10.170000076293945,10.010000228881836,6.626890659332275
08-09-2016,9.979999542236328,10.0,10000,10.09000015258789,10.0600004196167,6.659993648529053
09-09-2016,10.0600004196167,10.130000114440918,8900,10.149999618530273,10.140000343322754,6.712954044342041
12-09-2016,10.0,10.100000381469727,13900,10.15999984741211,10.029999732971191,6.640132427215576
13-09-2016,10.029999732971191,10.130000114440918,4800,10.130000114440918,10.050000190734863,6.653372287750244
14-09-2016,9.880000114440918,9.880000114440918,1100,9.960000038146973,9.960000038146973,6.64669942855835
15-09-2016,9.600000381469727,10.0,26600,10.0,9.729999542236328,6.493210315704346
16-09-2016,9.640000343322754,9.699999809265137,8700,9.800000190734863,9.729999542236328,6.493210315704346
19-09-2016,9.65999984741211,9.65999984741211,500,9.65999984741211,9.65999984741211,6.446496963500977
20-09-2016,9.649999618530273,9.729999542236328,6000,9.729999542236328,9.670000076293945,6.4531707763671875
21-09-2016,9.5600004196167,9.729999542236328,3300,9.729999542236328,9.720000267028809,6.486538887023926
22-09-2016,9.680000305175781,9.680000305175781,5300,9.899999618530273,9.720000267028809,6.486538887023926
23-09-2016,9.5,9.710000038146973,4400,9.8100004196167,9.729999542236328,6.493210315704346
26-09-2016,9.550000190734863,9.550000190734863,4100,9.779999732971191,9.779999732971191,6.526577949523926
27-09-2016,9.710000038146973,9.739999771118164,2100,9.779999732971191,9.710000038146973,6.479864120483398
28-09-2016,9.739999771118164,9.739999771118164,3000,9.90999984741211,9.760000228881836,6.513230800628662
29-09-2016,9.930000305175781,9.930000305175781,9600,10.180000305175781,10.130000114440918,6.760145664215088
30-09-2016,10.149999618530273,10.180000305175781,1800,10.199999809265137,10.199999809265137,6.806859970092773
03-10-2016,9.850000381469727,10.109999656677246,9700,10.199999809265137,10.039999961853027,6.700085639953613
04-10-2016,10.0,10.050000190734863,11100,10.199999809265137,10.149999618530273,6.77349328994751
05-10-2016,10.0,10.210000038146973,4600,10.210000038146973,10.010000228881836,6.680066108703613
06-10-2016,10.020000457763672,10.039999961853027,9300,10.199999809265137,10.199999809265137,6.806859970092773
07-10-2016,10.100000381469727,10.220000267028809,7500,10.220000267028809,10.180000305175781,6.793514251708984
10-10-2016,10.020000457763672,10.199999809265137,9400,10.199999809265137,10.020000457763672,6.686739444732666
11-10-2016,9.930000305175781,9.989999771118164,6400,10.15999984741211,10.15999984741211,6.780167579650879
12-10-2016,10.149999618530273,10.199999809265137,1400,10.199999809265137,10.180000305175781,6.793514251708984
13-10-2016,10.119999885559082,10.119999885559082,2800,10.170000076293945,10.149999618530273,6.77349328994751
14-10-2016,10.140000343322754,10.140000343322754,4200,10.199999809265137,10.199999809265137,6.806859970092773
17-10-2016,10.0600004196167,10.0600004196167,7000,10.1899995803833,10.140000343322754,6.766819477081299
18-10-2016,10.119999885559082,10.210000038146973,9500,10.229999542236328,10.220000267028809,6.8202080726623535
19-10-2016,10.170000076293945,10.229999542236328,800,10.229999542236328,10.229999542236328,6.826879978179932
20-10-2016,10.199999809265137,10.199999809265137,4300,10.229999542236328,10.220000267028809,6.8202080726623535
21-10-2016,10.140000343322754,10.140000343322754,2600,10.239999771118164,10.239999771118164,6.833554744720459
24-10-2016,10.140000343322754,10.239999771118164,5300,10.239999771118164,10.170000076293945,6.786840438842773
25-10-2016,9.859999656677246,10.149999618530273,28400,10.199999809265137,9.90999984741211,6.613330841064453
26-10-2016,9.800000190734863,9.819999694824219,14300,9.859999656677246,9.800000190734863,6.5399250984191895
27-10-2016,9.720000267028809,9.850000381469727,4000,9.859999656677246,9.739999771118164,6.499883651733398
28-10-2016,9.3100004196167,9.649999618530273,17800,9.720000267028809,9.619999885559082,6.419803619384766
31-10-2016,9.600000381469727,9.75,2800,9.75,9.649999618530273,6.439824104309082
01-11-2016,9.5,9.600000381469727,7000,9.699999809265137,9.649999618530273,6.439824104309082
02-11-2016,9.5,9.649999618530273,10200,9.649999618530273,9.600000381469727,6.406458377838135
03-11-2016,9.510000228881836,9.649999618530273,5800,9.649999618530273,9.600000381469727,6.406458377838135
04-11-2016,9.510000228881836,9.640000343322754,9700,9.649999618530273,9.550000190734863,6.373090744018555
07-11-2016,9.5,9.5,4900,9.649999618530273,9.600000381469727,6.406458377838135
08-11-2016,9.550000190734863,9.600000381469727,3400,9.649999618530273,9.550000190734863,6.373090744018555
09-11-2016,9.199999809265137,9.399999618530273,17500,9.600000381469727,9.399999618530273,6.2729878425598145
10-11-2016,9.449999809265137,9.5,25900,9.649999618530273,9.649999618530273,6.439824104309082
11-11-2016,9.600000381469727,9.649999618530273,3800,9.949999809265137,9.850000381469727,6.573292255401611
14-11-2016,9.710000038146973,9.949999809265137,3000,9.949999809265137,9.850000381469727,6.573292255401611
15-11-2016,9.729999542236328,9.949999809265137,7100,9.949999809265137,9.800000190734863,6.5399250984191895
16-11-2016,9.25,9.649999618530273,25700,9.649999618530273,9.430000305175781,6.2930097579956055
17-11-2016,8.300000190734863,9.350000381469727,162600,9.350000381469727,8.75,5.839219093322754
18-11-2016,8.550000190734863,8.75,35000,8.800000190734863,8.649999618530273,5.77248477935791
21-11-2016,7.650000095367432,8.5,71800,8.569999694824219,8.0,5.338714122772217
22-11-2016,7.5,7.949999809265137,125400,8.0,7.650000095367432,5.1051459312438965
23-11-2016,7.699999809265137,7.699999809265137,52400,8.0,8.0,5.338714122772217
25-11-2016,8.0,8.0,40800,8.300000190734863,8.199999809265137,5.472182273864746
28-11-2016,7.75,8.25,57400,8.279999732971191,7.849999904632568,5.238613128662109
29-11-2016,7.849999904632568,7.849999904632568,64400,8.149999618530273,8.0,5.338714122772217
30-11-2016,7.849999904632568,8.100000381469727,40200,8.199999809265137,7.900000095367432,5.271980285644531
01-12-2016,7.679999828338623,8.149999618530273,62200,8.300000190734863,7.699999809265137,5.13851261138916
02-12-2016,7.699999809265137,7.699999809265137,57100,8.050000190734863,7.949999809265137,5.305346488952637
05-12-2016,7.599999904632568,7.949999809265137,31800,8.100000381469727,8.0,5.338714122772217
06-12-2016,7.800000190734863,8.0,45800,8.050000190734863,7.900000095367432,5.271980285644531
07-12-2016,7.849999904632568,7.949999809265137,30400,8.100000381469727,7.949999809265137,5.305346488952637
08-12-2016,8.029999732971191,8.050000190734863,104300,8.75,8.399999618530273,5.605649948120117
09-12-2016,8.100000381469727,8.550000190734863,24500,8.550000190734863,8.300000190734863,5.538917064666748
12-12-2016,8.050000190734863,8.350000381469727,25500,8.399999618530273,8.199999809265137,5.472182273864746
13-12-2016,8.119999885559082,8.350000381469727,150200,8.550000190734863,8.449999809265137,5.639017105102539
14-12-2016,7.699999809265137,8.050000190734863,44300,8.050000190734863,7.800000190734863,5.518736839294434
15-12-2016,7.630000114440918,7.75,25700,8.0,7.75,5.4833598136901855
16-12-2016,7.199999809265137,7.5,108500,7.699999809265137,7.599999904632568,5.377230167388916
19-12-2016,7.5,7.699999809265137,33300,8.0,7.599999904632568,5.377230167388916
20-12-2016,7.449999809265137,7.449999809265137,33000,7.650000095367432,7.599999904632568,5.377230167388916
21-12-2016,7.559999942779541,7.650000095367432,8400,7.699999809265137,7.699999809265137,5.447984218597412
22-12-2016,7.599999904632568,7.75,10400,7.75,7.699999809265137,5.447984218597412
23-12-2016,7.599999904632568,7.699999809265137,7700,7.699999809265137,7.699999809265137,5.447984218597412
27-12-2016,7.449999809265137,7.599999904632568,22400,7.849999904632568,7.75,5.4833598136901855
28-12-2016,7.699999809265137,7.699999809265137,31600,7.900000095367432,7.829999923706055,5.539962291717529
29-12-2016,7.610000133514404,7.75,45900,7.800000190734863,7.699999809265137,5.447984218597412
30-12-2016,7.599999904632568,7.599999904632568,13800,7.800000190734863,7.75,5.4833598136901855
03-01-2017,7.650000095367432,7.900000095367432,38400,8.0,7.849999904632568,5.554112434387207
04-01-2017,7.699999809265137,7.849999904632568,45500,7.900000095367432,7.800000190734863,5.518736839294434
05-01-2017,7.800000190734863,7.889999866485596,57800,8.050000190734863,8.050000190734863,5.695619106292725
06-01-2017,7.400000095367432,7.900000095367432,150900,7.900000095367432,7.650000095367432,5.412606716156006
09-01-2017,7.510000228881836,7.699999809265137,24000,7.900000095367432,7.699999809265137,5.447984218597412
10-01-2017,7.699999809265137,7.75,9600,7.849999904632568,7.800000190734863,5.518736839294434
11-01-2017,7.75,7.849999904632568,24600,7.849999904632568,7.75,5.4833598136901855
12-01-2017,7.650000095367432,7.699999809265137,29800,7.849999904632568,7.75,5.4833598136901855
13-01-2017,7.75,7.75,36500,7.849999904632568,7.849999904632568,5.554112434387207
17-01-2017,7.699999809265137,7.75,14100,7.800000190734863,7.75,5.4833598136901855
18-01-2017,7.590000152587891,7.75,16800,7.800000190734863,7.650000095367432,5.412606716156006
19-01-2017,7.599999904632568,7.650000095367432,39500,7.800000190734863,7.75,5.4833598136901855
20-01-2017,7.75,7.800000190734863,16800,7.800000190734863,7.800000190734863,5.518736839294434
23-01-2017,7.550000190734863,7.75,126500,7.800000190734863,7.599999904632568,5.377230167388916
24-01-2017,7.599999904632568,7.599999904632568,36400,7.800000190734863,7.699999809265137,5.447984218597412
25-01-2017,7.75,7.75,17400,7.849999904632568,7.75,5.4833598136901855
26-01-2017,7.659999847412109,7.75,13900,7.800000190734863,7.800000190734863,5.518736839294434
27-01-2017,7.650000095367432,7.75,7800,7.800000190734863,7.650000095367432,5.412606716156006
30-01-2017,7.5,7.599999904632568,24300,7.650000095367432,7.550000190734863,5.341854572296143
31-01-2017,7.599999904632568,7.599999904632568,17900,7.75,7.650000095367432,5.412606716156006
01-02-2017,7.400000095367432,7.650000095367432,34500,7.699999809265137,7.480000019073486,5.292325973510742
02-02-2017,7.400000095367432,7.449999809265137,20800,7.480000019073486,7.449999809265137,5.271100997924805
03-02-2017,7.349999904632568,7.400000095367432,28500,7.550000190734863,7.5,5.3064775466918945
06-02-2017,7.300000190734863,7.5,60700,7.650000095367432,7.349999904632568,5.200347423553467
07-02-2017,7.050000190734863,7.260000228881836,84600,7.550000190734863,7.449999809265137,5.271100997924805
08-02-2017,7.150000095367432,7.349999904632568,38900,7.550000190734863,7.349999904632568,5.200347423553467
09-02-2017,7.199999809265137,7.25,46700,7.550000190734863,7.449999809265137,5.271100997924805
10-02-2017,7.400000095367432,7.550000190734863,28800,7.550000190734863,7.550000190734863,5.341854572296143
13-02-2017,7.199999809265137,7.449999809265137,68100,7.5,7.25,5.129594802856445
14-02-2017,7.199999809265137,7.349999904632568,12900,7.389999866485596,7.25,5.129594802856445
15-02-2017,7.349999904632568,7.449999809265137,184100,7.699999809265137,7.5,5.3064775466918945
16-02-2017,7.199999809265137,7.5,41800,7.5,7.300000190734863,5.164971828460693
17-02-2017,7.199999809265137,7.25,32000,7.380000114440918,7.25,5.129594802856445
21-02-2017,7.25,7.300000190734863,129200,7.300000190734863,7.300000190734863,5.164971828460693
22-02-2017,7.199999809265137,7.300000190734863,53100,7.5,7.5,5.3064775466918945
23-02-2017,7.449999809265137,7.550000190734863,60300,7.699999809265137,7.650000095367432,5.412606716156006
24-02-2017,7.550000190734863,7.599999904632568,63900,7.849999904632568,7.699999809265137,5.447984218597412
27-02-2017,7.75,7.75,92900,8.25,8.100000381469727,5.730995178222656
28-02-2017,7.849999904632568,8.050000190734863,69500,8.25,7.900000095367432,5.589489459991455
01-03-2017,7.599999904632568,8.0,59200,8.0,7.699999809265137,5.447984218597412
02-03-2017,7.400000095367432,7.650000095367432,69200,7.800000190734863,7.699999809265137,5.447984218597412
03-03-2017,7.349999904632568,7.699999809265137,32500,7.75,7.599999904632568,5.377230167388916
06-03-2017,7.349999904632568,7.699999809265137,39100,7.800000190734863,7.650000095367432,5.412606716156006
07-03-2017,7.460000038146973,7.699999809265137,42300,7.900000095367432,7.699999809265137,5.447984218597412
08-03-2017,7.599999904632568,7.699999809265137,13500,7.75,7.75,5.4833598136901855
09-03-2017,7.5,7.5,24000,7.75,7.699999809265137,5.447984218597412
10-03-2017,7.650000095367432,7.800000190734863,22000,7.900000095367432,7.849999904632568,5.554112434387207
13-03-2017,7.650000095367432,7.800000190734863,45400,7.980000019073486,7.949999809265137,5.624866008758545
14-03-2017,7.650000095367432,7.900000095367432,38800,8.100000381469727,7.949999809265137,5.624866008758545
15-03-2017,7.900000095367432,7.900000095367432,14000,8.050000190734863,7.949999809265137,5.68204402923584
16-03-2017,7.900000095367432,7.949999809265137,33200,8.109999656677246,7.949999809265137,5.68204402923584
17-03-2017,7.900000095367432,8.0,20200,8.050000190734863,7.900000095367432,5.646307945251465
20-03-2017,7.900000095367432,7.949999809265137,15000,8.050000190734863,7.900000095367432,5.646307945251465
21-03-2017,7.849999904632568,7.900000095367432,13000,8.0,7.849999904632568,5.61057186126709
22-03-2017,7.699999809265137,7.900000095367432,16300,7.900000095367432,7.699999809265137,5.503363132476807
23-03-2017,7.650000095367432,7.699999809265137,11800,7.949999809265137,7.949999809265137,5.68204402923584
24-03-2017,7.800000190734863,7.949999809265137,19600,8.100000381469727,8.100000381469727,5.789252281188965
27-03-2017,8.109999656677246,8.199999809265137,81000,8.449999809265137,8.350000381469727,5.9679341316223145
28-03-2017,8.149999618530273,8.149999618530273,63100,8.699999809265137,8.649999618530273,6.182350158691406
29-03-2017,8.149999618530273,8.649999618530273,30700,8.649999618530273,8.199999809265137,5.860724449157715
30-03-2017,7.900000095367432,8.300000190734863,35000,8.350000381469727,8.25,5.896461009979248
31-03-2017,8.199999809265137,8.25,14900,8.369999885559082,8.229999542236328,5.882165908813477
03-04-2017,8.050000190734863,8.300000190734863,17900,8.399999618530273,8.100000381469727,5.789252281188965
04-04-2017,7.800000190734863,7.900000095367432,44500,8.0,7.800000190734863,5.574835777282715
05-04-2017,7.800000190734863,7.900000095367432,10500,8.050000190734863,7.800000190734863,5.574835777282715
06-04-2017,7.75,7.75,9100,8.0,7.800000190734863,5.574835777282715
07-04-2017,7.699999809265137,7.800000190734863,21700,7.849999904632568,7.75,5.539098739624023
10-04-2017,7.75,7.75,40900,8.0,7.75,5.539098739624023
11-04-2017,7.800000190734863,7.800000190734863,21500,8.0,8.0,5.717779636383057
12-04-2017,7.880000114440918,8.100000381469727,12300,8.149999618530273,7.900000095367432,5.646307945251465
13-04-2017,7.75,7.849999904632568,7600,7.900000095367432,7.800000190734863,5.574835777282715
17-04-2017,7.650000095367432,7.75,45100,7.75,7.699999809265137,5.503363132476807
18-04-2017,7.650000095367432,7.699999809265137,16400,7.699999809265137,7.650000095367432,5.467627048492432
19-04-2017,7.5,7.650000095367432,24200,7.670000076293945,7.5,5.360419273376465
20-04-2017,7.5,7.5,18400,7.650000095367432,7.550000190734863,5.396154403686523
21-04-2017,7.550000190734863,7.550000190734863,17500,8.0,7.949999809265137,5.68204402923584
24-04-2017,7.699999809265137,7.949999809265137,11700,8.0,7.800000190734863,5.574835777282715
25-04-2017,7.599999904632568,7.75,14000,7.75,7.650000095367432,5.467627048492432
26-04-2017,7.599999904632568,7.650000095367432,12700,7.75,7.75,5.539098739624023
27-04-2017,7.579999923706055,7.75,15000,7.900000095367432,7.800000190734863,5.574835777282715
28-04-2017,7.699999809265137,7.849999904632568,10300,7.900000095367432,7.800000190734863,5.574835777282715
01-05-2017,7.550000190734863,7.75,16700,7.75,7.550000190734863,5.396154403686523
02-05-2017,7.550000190734863,7.550000190734863,20600,7.699999809265137,7.599999904632568,5.431890964508057
03-05-2017,7.550000190734863,7.550000190734863,4400,7.650000095367432,7.599999904632568,5.431890964508057
04-05-2017,7.550000190734863,7.550000190734863,4100,7.650000095367432,7.599999904632568,5.431890964508057
05-05-2017,7.599999904632568,7.599999904632568,15900,7.900000095367432,7.849999904632568,5.61057186126709
08-05-2017,7.75,7.75,3500,7.949999809265137,7.800000190734863,5.574835777282715
09-05-2017,7.800000190734863,7.800000190734863,17800,8.050000190734863,7.949999809265137,5.68204402923584
10-05-2017,7.849999904632568,8.0,4100,8.0,7.869999885559082,5.624865531921387
11-05-2017,7.880000114440918,7.949999809265137,10800,8.050000190734863,7.949999809265137,5.68204402923584
12-05-2017,7.900000095367432,8.050000190734863,4700,8.050000190734863,7.900000095367432,5.646307945251465
15-05-2017,7.659999847412109,7.900000095367432,16500,7.900000095367432,7.800000190734863,5.574835777282715
16-05-2017,7.699999809265137,7.860000133514404,14200,7.949999809265137,7.699999809265137,5.503363132476807
17-05-2017,7.550000190734863,7.849999904632568,11300,7.849999904632568,7.550000190734863,5.396154403686523
18-05-2017,7.579999923706055,7.599999904632568,4400,7.650000095367432,7.579999923706055,5.417595863342285
19-05-2017,7.550000190734863,7.550000190734863,9600,7.599999904632568,7.599999904632568,5.431890964508057
22-05-2017,7.550000190734863,7.550000190734863,20200,7.730000019073486,7.699999809265137,5.503363132476807
23-05-2017,7.650000095367432,7.75,5400,7.75,7.699999809265137,5.503363132476807
24-05-2017,7.619999885559082,7.699999809265137,7600,7.730000019073486,7.699999809265137,5.503363132476807
25-05-2017,7.650000095367432,7.800000190734863,12300,7.849999904632568,7.650000095367432,5.467627048492432
26-05-2017,7.650000095367432,7.75,7400,7.800000190734863,7.699999809265137,5.503363132476807
30-05-2017,7.650000095367432,7.75,8600,7.75,7.650000095367432,5.467627048492432
31-05-2017,7.550000190734863,7.650000095367432,7600,7.650000095367432,7.550000190734863,5.396154403686523
01-06-2017,7.550000190734863,7.550000190734863,9700,7.699999809265137,7.550000190734863,5.396154403686523
02-06-2017,7.550000190734863,7.550000190734863,6900,7.599999904632568,7.599999904632568,5.431890964508057
05-06-2017,7.550000190734863,7.550000190734863,23800,7.690000057220459,7.599999904632568,5.431890964508057
06-06-2017,7.550000190734863,7.650000095367432,6400,7.789999961853027,7.550000190734863,5.396154403686523
07-06-2017,7.550000190734863,7.550000190734863,24000,7.800000190734863,7.800000190734863,5.574835777282715
08-06-2017,7.699999809265137,7.75,4800,7.949999809265137,7.75,5.539098739624023
09-06-2017,7.699999809265137,7.820000171661377,13400,7.949999809265137,7.849999904632568,5.61057186126709
12-06-2017,7.869999885559082,7.900000095367432,10300,8.0,7.900000095367432,5.646307945251465
13-06-2017,7.849999904632568,7.940000057220459,22200,8.050000190734863,7.949999809265137,5.68204402923584
14-06-2017,7.050000190734863,7.449999809265137,163500,7.489999771118164,7.099999904632568,5.126112461090088
15-06-2017,7.099999904632568,7.099999904632568,37000,7.230000019073486,7.150000095367432,5.16221284866333
16-06-2017,7.099999904632568,7.099999904632568,14800,7.199999809265137,7.150000095367432,5.16221284866333
19-06-2017,6.949999809265137,7.099999904632568,32000,7.150000095367432,7.050000190734863,5.09001350402832
20-06-2017,6.650000095367432,7.099999904632568,28200,7.099999904632568,6.699999809265137,4.837317943572998
21-06-2017,6.599999904632568,6.75,15600,6.849999904632568,6.699999809265137,4.837317943572998
22-06-2017,6.650000095367432,6.650000095367432,6500,6.800000190734863,6.75,4.873417377471924
23-06-2017,6.699999809265137,6.75,14800,6.800000190734863,6.800000190734863,4.909517288208008
26-06-2017,6.699999809265137,6.849999904632568,14600,6.849999904632568,6.75,4.873417377471924
27-06-2017,6.690000057220459,6.800000190734863,7900,6.849999904632568,6.699999809265137,4.837317943572998
28-06-2017,6.650000095367432,6.699999809265137,32600,6.849999904632568,6.75,4.873417377471924
29-06-2017,6.650000095367432,6.75,23200,6.860000133514404,6.699999809265137,4.837317943572998
30-06-2017,6.599999904632568,6.699999809265137,38300,6.949999809265137,6.949999809265137,5.017815113067627
03-07-2017,6.949999809265137,6.949999809265137,9900,7.150000095367432,7.150000095367432,5.16221284866333
05-07-2017,6.900000095367432,7.050000190734863,6300,7.099999904632568,6.949999809265137,5.017815113067627
06-07-2017,6.599999904632568,7.0,12400,7.0,6.650000095367432,4.801218509674072
07-07-2017,6.460000038146973,6.699999809265137,12900,6.699999809265137,6.5,4.692921161651611
10-07-2017,6.480000019073486,6.579999923706055,33400,6.650000095367432,6.5,4.692921161651611
11-07-2017,6.300000190734863,6.5,30700,6.5,6.300000190734863,4.54852294921875
12-07-2017,6.050000190734863,6.199999809265137,70100,6.400000095367432,6.050000190734863,4.368025302886963
13-07-2017,5.75,5.900000095367432,57200,6.0,5.800000190734863,4.187529563903809
14-07-2017,5.400000095367432,5.75,141900,5.800000190734863,5.449999809265137,3.9348337650299072
17-07-2017,5.650000095367432,5.75,108200,5.900000095367432,5.75,4.15142822265625
18-07-2017,5.699999809265137,5.800000190734863,21100,5.800000190734863,5.75,4.15142822265625
19-07-2017,5.699999809265137,5.75,16600,5.75,5.699999809265137,4.115329742431641
20-07-2017,5.699999809265137,5.699999809265137,30300,6.0,5.800000190734863,4.187529563903809
21-07-2017,5.699999809265137,5.849999904632568,32500,6.300000190734863,5.75,4.15142822265625
24-07-2017,5.550000190734863,5.650000095367432,22700,5.769999980926514,5.599999904632568,4.043131351470947
25-07-2017,5.650000095367432,5.650000095367432,24300,5.849999904632568,5.650000095367432,4.079231262207031
26-07-2017,5.599999904632568,5.699999809265137,19700,5.75,5.699999809265137,4.115329742431641
27-07-2017,5.550000190734863,5.650000095367432,18300,5.650000095367432,5.550000190734863,4.00703239440918
28-07-2017,5.550000190734863,5.599999904632568,25000,5.75,5.599999904632568,4.043131351470947
31-07-2017,5.400000095367432,5.650000095367432,37300,5.650000095367432,5.400000095367432,3.898733377456665
01-08-2017,5.400000095367432,5.5,30500,5.800000190734863,5.699999809265137,4.115329742431641
02-08-2017,5.550000190734863,5.650000095367432,23700,5.71999979019165,5.550000190734863,4.00703239440918
03-08-2017,5.5,5.599999904632568,9100,5.599999904632568,5.550000190734863,4.00703239440918
04-08-2017,5.550000190734863,5.550000190734863,15700,5.599999904632568,5.550000190734863,4.00703239440918
07-08-2017,5.550000190734863,5.949999809265137,35200,5.949999809265137,5.599999904632568,4.043131351470947
08-08-2017,5.5,5.650000095367432,21500,5.699999809265137,5.5,3.970933198928833
09-08-2017,5.5,5.5,20600,5.599999904632568,5.5,3.970933198928833
10-08-2017,5.5,5.5,33000,5.699999809265137,5.599999904632568,4.043131351470947
11-08-2017,5.599999904632568,5.699999809265137,99800,6.050000190734863,5.599999904632568,4.043131351470947
14-08-2017,5.650000095367432,5.650000095367432,17600,5.949999809265137,5.949999809265137,4.2958269119262695
15-08-2017,6.0,6.0,47700,6.699999809265137,6.449999809265137,4.656821250915527
16-08-2017,6.320000171661377,6.5,15400,6.639999866485596,6.349999904632568,4.584622383117676
17-08-2017,6.0,6.309999942779541,11800,6.400000095367432,6.199999809265137,4.47632360458374
18-08-2017,6.190000057220459,6.25,8700,6.449999809265137,6.300000190734863,4.54852294921875
21-08-2017,6.199999809265137,6.300000190734863,9600,6.300000190734863,6.25,4.512423038482666
22-08-2017,6.199999809265137,6.300000190734863,7800,6.300000190734863,6.25,4.512423038482666
23-08-2017,6.199999809265137,6.199999809265137,8400,6.25,6.199999809265137,4.47632360458374
24-08-2017,6.199999809265137,6.199999809265137,18400,6.300000190734863,6.300000190734863,4.54852294921875
25-08-2017,6.320000171661377,6.349999904632568,10300,6.550000190734863,6.550000190734863,4.729020595550537
28-08-2017,6.5,6.599999904632568,16400,6.650000095367432,6.550000190734863,4.729020595550537
29-08-2017,6.5,6.550000190734863,19200,6.650000095367432,6.630000114440918,4.786778450012207
30-08-2017,6.550000190734863,6.650000095367432,17500,6.650000095367432,6.550000190734863,4.729020595550537
31-08-2017,6.599999904632568,6.599999904632568,14100,6.800000190734863,6.650000095367432,4.801218509674072
01-09-2017,6.420000076293945,6.510000228881836,3100,6.699999809265137,6.550000190734863,4.729020595550537
05-09-2017,6.5,6.550000190734863,17300,6.599999904632568,6.599999904632568,4.76511812210083
06-09-2017,6.5,6.599999904632568,23800,6.699999809265137,6.650000095367432,4.801218509674072
07-09-2017,6.5,6.599999904632568,11200,6.75,6.5,4.692921161651611
08-09-2017,6.5,6.5,21900,6.650000095367432,6.550000190734863,4.729020595550537
11-09-2017,6.550000190734863,6.599999904632568,7200,6.599999904632568,6.550000190734863,4.729020595550537
12-09-2017,6.550000190734863,6.550000190734863,14000,6.650000095367432,6.599999904632568,4.76511812210083
13-09-2017,6.599999904632568,6.650000095367432,18900,6.699999809265137,6.599999904632568,4.76511812210083
14-09-2017,6.550000190734863,6.550000190734863,25000,6.690000057220459,6.599999904632568,4.8235859870910645
15-09-2017,6.5,6.699999809265137,29600,6.699999809265137,6.550000190734863,4.787045001983643
18-09-2017,6.400000095367432,6.550000190734863,28300,6.550000190734863,6.449999809265137,4.71396017074585
19-09-2017,6.400000095367432,6.449999809265137,29800,6.5,6.449999809265137,4.71396017074585
20-09-2017,6.449999809265137,6.449999809265137,200,6.449999809265137,6.449999809265137,4.71396017074585
21-09-2017,6.349999904632568,6.449999809265137,21700,6.449999809265137,6.449999809265137,4.71396017074585
22-09-2017,6.349999904632568,6.400000095367432,8900,6.449999809265137,6.449999809265137,4.71396017074585
25-09-2017,6.25,6.400000095367432,20300,6.480000019073486,6.25,4.567790508270264
26-09-2017,6.25,6.349999904632568,9900,6.5,6.5,4.750502586364746
27-09-2017,6.400000095367432,6.420000076293945,2200,6.550000190734863,6.550000190734863,4.787045001983643
28-09-2017,6.400000095367432,6.440000057220459,2900,6.449999809265137,6.449999809265137,4.71396017074585
29-09-2017,6.380000114440918,6.400000095367432,13800,6.599999904632568,6.5,4.750502586364746
02-10-2017,6.349999904632568,6.449999809265137,7800,6.5,6.400000095367432,4.677417278289795
03-10-2017,6.429999828338623,6.449999809265137,8100,6.5,6.449999809265137,4.71396017074585
04-10-2017,6.480000019073486,6.5,20300,6.550000190734863,6.550000190734863,4.787045001983643
05-10-2017,6.440000057220459,6.5,18500,6.539999961853027,6.449999809265137,4.71396017074585
06-10-2017,6.5,6.5,9500,6.550000190734863,6.550000190734863,4.787045001983643
09-10-2017,6.5,6.5,5300,6.550000190734863,6.53000020980835,4.772428035736084
10-10-2017,6.510000228881836,6.550000190734863,12300,6.650000095367432,6.599999904632568,4.8235859870910645
11-10-2017,6.449999809265137,6.590000152587891,7800,6.590000152587891,6.449999809265137,4.71396017074585
12-10-2017,6.349999904632568,6.449999809265137,3200,6.46999979019165,6.349999904632568,4.640875339508057
13-10-2017,6.300000190734863,6.309999942779541,8700,6.550000190734863,6.5,4.750502586364746
16-10-2017,6.25,6.5,12900,6.550000190734863,6.300000190734863,4.60433292388916
17-10-2017,6.300000190734863,6.340000152587891,700,6.340000152587891,6.300000190734863,4.60433292388916
18-10-2017,6.349999904632568,6.400000095367432,5500,6.480000019073486,6.449999809265137,4.71396017074585
19-10-2017,6.260000228881836,6.400000095367432,21100,6.5,6.400000095367432,4.677417278289795
20-10-2017,6.400000095367432,6.400000095367432,7700,6.599999904632568,6.599999904632568,4.8235859870910645
23-10-2017,6.300000190734863,6.579999923706055,14800,6.579999923706055,6.300000190734863,4.60433292388916
24-10-2017,6.300000190734863,6.349999904632568,4200,6.349999904632568,6.349999904632568,4.640875339508057
25-10-2017,6.300000190734863,6.300000190734863,4200,6.46999979019165,6.300000190734863,4.60433292388916
26-10-2017,5.949999809265137,6.349999904632568,23000,6.349999904632568,6.03000020980835,4.4070048332214355
27-10-2017,6.090000152587891,6.199999809265137,11100,6.199999809265137,6.199999809265137,4.531247615814209
30-10-2017,6.150000095367432,6.25,8600,6.349999904632568,6.150000095367432,4.494705677032471
31-10-2017,5.949999809265137,6.199999809265137,15700,6.199999809265137,6.079999923706055,4.443547248840332
01-11-2017,6.099999904632568,6.130000114440918,6500,6.25,6.099999904632568,4.458163261413574
02-11-2017,6.0,6.099999904632568,5200,6.210000038146973,6.099999904632568,4.458163261413574
03-11-2017,6.050000190734863,6.150000095367432,3900,6.150000095367432,6.099999904632568,4.458163261413574
06-11-2017,6.099999904632568,6.099999904632568,3300,6.300000190734863,6.150000095367432,4.494705677032471
07-11-2017,5.900000095367432,6.230000019073486,13800,6.230000019073486,5.989999771118164,4.377770900726318
08-11-2017,5.800000190734863,6.0,11800,6.099999904632568,5.949999809265137,4.348536491394043
09-11-2017,5.800000190734863,5.900000095367432,16600,6.050000190734863,6.050000190734863,4.421621322631836
10-11-2017,6.010000228881836,6.099999904632568,22900,6.159999847412109,6.050000190734863,4.421621322631836
13-11-2017,5.900000095367432,6.0,25600,6.010000228881836,5.949999809265137,4.348536491394043
14-11-2017,5.800000190734863,5.949999809265137,14300,6.0,5.900000095367432,4.311993598937988
15-11-2017,5.710000038146973,5.800000190734863,23100,5.869999885559082,5.75,4.202366352081299
16-11-2017,5.659999847412109,5.75,23100,5.949999809265137,5.800000190734863,4.238909721374512
17-11-2017,5.75,5.75,12600,6.0,5.949999809265137,4.348536491394043
20-11-2017,5.920000076293945,5.949999809265137,7300,6.050000190734863,5.949999809265137,4.348536491394043
21-11-2017,5.949999809265137,6.050000190734863,6200,6.050000190734863,5.949999809265137,4.348536491394043
22-11-2017,5.900000095367432,5.900000095367432,4700,6.079999923706055,6.050000190734863,4.421621322631836
24-11-2017,6.050000190734863,6.050000190734863,4000,6.099999904632568,6.099999904632568,4.458163261413574
27-11-2017,6.070000171661377,6.099999904632568,12900,6.329999923706055,6.309999942779541,4.611641883850098
28-11-2017,6.400000095367432,6.400000095367432,17200,6.599999904632568,6.550000190734863,4.787045001983643
29-11-2017,6.400000095367432,6.449999809265137,8400,6.460000038146973,6.400000095367432,4.677417278289795
30-11-2017,6.349999904632568,6.349999904632568,10400,6.599999904632568,6.449999809265137,4.71396017074585
01-12-2017,6.300000190734863,6.400000095367432,14100,6.550000190734863,6.5,4.750502586364746
04-12-2017,6.349999904632568,6.599999904632568,5700,6.599999904632568,6.400000095367432,4.677417278289795
05-12-2017,6.300000190734863,6.349999904632568,7800,6.449999809265137,6.349999904632568,4.640875339508057
06-12-2017,6.199999809265137,6.300000190734863,15100,6.349999904632568,6.300000190734863,4.60433292388916
07-12-2017,6.150000095367432,6.230000019073486,9500,6.400000095367432,6.28000020980835,4.589716911315918
08-12-2017,6.349999904632568,6.400000095367432,3700,6.400000095367432,6.400000095367432,4.677417278289795
11-12-2017,6.349999904632568,6.5,15700,6.5,6.400000095367432,4.677417278289795
12-12-2017,6.349999904632568,6.349999904632568,29700,6.650000095367432,6.449999809265137,4.71396017074585
13-12-2017,6.449999809265137,6.449999809265137,16100,6.699999809265137,6.639999866485596,4.852820873260498
14-12-2017,6.409999847412109,6.429999828338623,6400,6.480000019073486,6.460000038146973,4.778844833374023
15-12-2017,6.349999904632568,6.449999809265137,21800,6.550000190734863,6.349999904632568,4.697470664978027
18-12-2017,6.400000095367432,6.400000095367432,6900,6.599999904632568,6.5,4.808435440063477
19-12-2017,6.449999809265137,6.449999809265137,17600,6.650000095367432,6.5,4.808435440063477
20-12-2017,6.5,6.599999904632568,15100,6.599999904632568,6.5,4.808435440063477
21-12-2017,6.349999904632568,6.550000190734863,10600,6.650000095367432,6.550000190734863,4.845423221588135
22-12-2017,6.309999942779541,6.5,26500,6.53000020980835,6.449999809265137,4.771446704864502
26-12-2017,6.5,6.5,2700,6.550000190734863,6.550000190734863,4.845423221588135
27-12-2017,6.5,6.5,9900,6.650000095367432,6.599999904632568,4.882409572601318
28-12-2017,6.400000095367432,6.550000190734863,20000,6.550000190734863,6.400000095367432,4.7344584465026855
29-12-2017,6.349999904632568,6.349999904632568,12100,6.630000114440918,6.449999809265137,4.771446704864502
02-01-2018,6.5,6.5,11000,6.699999809265137,6.599999904632568,4.882409572601318
03-01-2018,6.659999847412109,6.699999809265137,111700,7.150000095367432,7.150000095367432,5.289278507232666
04-01-2018,7.050000190734863,7.150000095367432,40500,7.199999809265137,7.199999809265137,5.326267242431641
05-01-2018,7.159999847412109,7.25,22800,7.300000190734863,7.230000019073486,5.348459243774414
08-01-2018,7.050000190734863,7.25,17300,7.300000190734863,7.25,5.363254547119141
09-01-2018,7.0,7.300000190734863,9100,7.300000190734863,7.150000095367432,5.289278507232666
10-01-2018,7.050000190734863,7.050000190734863,14500,7.25,7.150000095367432,5.289278507232666
11-01-2018,7.059999942779541,7.25,3600,7.25,7.150000095367432,5.289278507232666
12-01-2018,7.099999904632568,7.199999809265137,7000,7.199999809265137,7.150000095367432,5.289278507232666
16-01-2018,7.070000171661377,7.150000095367432,19700,7.25,7.150000095367432,5.289278507232666
17-01-2018,7.150000095367432,7.25,27300,7.539999961853027,7.300000190734863,5.400243282318115
18-01-2018,7.199999809265137,7.199999809265137,15700,7.349999904632568,7.199999809265137,5.326267242431641
19-01-2018,7.199999809265137,7.260000228881836,14600,7.300000190734863,7.25,5.363254547119141
22-01-2018,7.159999847412109,7.25,5800,7.449999809265137,7.300000190734863,5.400243282318115
23-01-2018,7.300000190734863,7.349999904632568,2700,7.400000095367432,7.400000095367432,5.474218368530273
24-01-2018,7.349999904632568,7.389999866485596,4900,7.449999809265137,7.449999809265137,5.511206150054932
25-01-2018,7.349999904632568,7.449999809265137,14100,7.449999809265137,7.349999904632568,5.437231063842773
26-01-2018,7.349999904632568,7.349999904632568,9600,7.440000057220459,7.400000095367432,5.474218368530273
29-01-2018,7.159999847412109,7.349999904632568,8400,7.400000095367432,7.380000114440918,5.459423065185547
30-01-2018,7.25,7.289999961853027,6300,7.400000095367432,7.25,5.363254547119141
31-01-2018,7.050000190734863,7.25,22600,7.349999904632568,7.099999904632568,5.252290725708008
01-02-2018,7.050000190734863,7.050000190734863,4500,7.260000228881836,7.199999809265137,5.326267242431641
02-02-2018,7.070000171661377,7.150000095367432,17500,7.260000228881836,7.179999828338623,5.311471462249756
05-02-2018,7.010000228881836,7.150000095367432,12100,7.199999809265137,7.150000095367432,5.289278507232666
06-02-2018,6.699999809265137,6.900000095367432,15300,7.150000095367432,7.050000190734863,5.21530294418335
07-02-2018,7.159999847412109,7.179999828338623,8700,7.25,7.199999809265137,5.326267242431641
08-02-2018,6.349999904632568,7.050000190734863,31800,7.099999904632568,6.53000020980835,4.830627918243408
09-02-2018,6.099999904632568,6.400000095367432,52100,6.429999828338623,6.409999847412109,4.741857051849365
12-02-2018,6.449999809265137,6.449999809265137,11600,6.550000190734863,6.5,4.808435440063477
13-02-2018,6.199999809265137,6.449999809265137,7000,6.650000095367432,6.650000095367432,4.919399261474609
14-02-2018,6.5,6.550000190734863,16300,6.599999904632568,6.550000190734863,4.845423221588135
15-02-2018,6.510000228881836,6.550000190734863,6200,6.579999923706055,6.53000020980835,4.830627918243408
16-02-2018,6.550000190734863,6.550000190734863,13900,6.650000095367432,6.599999904632568,4.882409572601318
20-02-2018,6.5,6.650000095367432,6000,6.650000095367432,6.5,4.808435440063477
21-02-2018,6.5,6.510000228881836,17100,6.599999904632568,6.5,4.808435440063477
22-02-2018,6.429999828338623,6.5,33700,6.5,6.429999828338623,4.756651878356934
23-02-2018,6.400000095367432,6.449999809265137,12000,6.5,6.449999809265137,4.771446704864502
26-02-2018,6.349999904632568,6.449999809265137,14900,6.449999809265137,6.349999904632568,4.697470664978027
27-02-2018,6.400000095367432,6.400000095367432,1500,6.5,6.5,4.808435440063477
28-02-2018,6.420000076293945,6.599999904632568,6500,6.599999904632568,6.5,4.808435440063477
01-03-2018,6.349999904632568,6.400000095367432,2200,6.400000095367432,6.349999904632568,4.697470664978027
02-03-2018,6.360000133514404,6.449999809265137,3500,6.449999809265137,6.449999809265137,4.771446704864502
05-03-2018,6.400000095367432,6.599999904632568,5800,6.599999904632568,6.449999809265137,4.771446704864502
06-03-2018,6.400000095367432,6.400000095367432,6900,6.449999809265137,6.400000095367432,4.7344584465026855
07-03-2018,6.300000190734863,6.400000095367432,14600,6.429999828338623,6.300000190734863,4.6604838371276855
08-03-2018,6.300000190734863,6.300000190734863,13000,6.349999904632568,6.329999923706055,4.682675838470459
09-03-2018,6.269999980926514,6.349999904632568,9000,6.400000095367432,6.300000190734863,4.6604838371276855
12-03-2018,6.25,6.349999904632568,5900,6.349999904632568,6.300000190734863,4.6604838371276855
13-03-2018,6.25,6.260000228881836,7500,6.349999904632568,6.25,4.623494625091553
14-03-2018,6.239999771118164,6.300000190734863,8900,6.300000190734863,6.25,4.623494625091553
15-03-2018,6.099999904632568,6.099999904632568,2700,6.159999847412109,6.150000095367432,4.608508110046387
16-03-2018,6.139999866485596,6.150000095367432,3300,6.199999809265137,6.150000095367432,4.608508110046387
19-03-2018,6.099999904632568,6.119999885559082,6600,6.119999885559082,6.099999904632568,4.571040153503418
20-03-2018,6.050000190734863,6.099999904632568,14400,6.099999904632568,6.050000190734863,4.533573627471924
21-03-2018,6.050000190734863,6.050000190734863,500,6.050000190734863,6.050000190734863,4.533573627471924
22-03-2018,6.0,6.0,12900,6.050000190734863,6.0,4.496105194091797
23-03-2018,5.900000095367432,6.0,31600,6.050000190734863,6.0,4.496105194091797
26-03-2018,5.900000095367432,6.050000190734863,9700,6.070000171661377,6.0,4.496105194091797
27-03-2018,5.849999904632568,5.949999809265137,36700,5.949999809265137,5.900000095367432,4.421170234680176
28-03-2018,5.699999809265137,5.849999904632568,20500,5.900000095367432,5.900000095367432,4.421170234680176
29-03-2018,5.699999809265137,5.900000095367432,16200,5.929999828338623,5.900000095367432,4.421170234680176
02-04-2018,5.650000095367432,5.869999885559082,16900,5.869999885559082,5.849999904632568,4.383702754974365
03-04-2018,5.900000095367432,5.949999809265137,7000,6.0,5.900000095367432,4.421170234680176
04-04-2018,5.849999904632568,5.849999904632568,6800,6.0,5.900000095367432,4.421170234680176
05-04-2018,5.849999904632568,5.949999809265137,3400,5.949999809265137,5.900000095367432,4.421170234680176
06-04-2018,5.900000095367432,5.949999809265137,6400,6.0,5.949999809265137,4.458637714385986
09-04-2018,5.699999809265137,5.869999885559082,12900,5.920000076293945,5.849999904632568,4.383702754974365
10-04-2018,5.510000228881836,5.789999961853027,30800,5.900000095367432,5.900000095367432,4.421170234680176
11-04-2018,5.900000095367432,5.900000095367432,0,5.900000095367432,5.900000095367432,4.421170234680176
12-04-2018,5.849999904632568,5.849999904632568,1400,5.900000095367432,5.900000095367432,4.421170234680176
13-04-2018,5.739999771118164,5.949999809265137,5800,5.960000038146973,5.849999904632568,4.383702754974365
16-04-2018,5.710000038146973,5.710000038146973,6300,5.900000095367432,5.800000190734863,4.346235752105713
17-04-2018,5.75,5.800000190734863,4500,5.800000190734863,5.78000020980835,4.331250190734863
18-04-2018,5.710000038146973,5.710000038146973,3800,5.800000190734863,5.75,4.308767318725586
19-04-2018,5.71999979019165,5.75,1700,5.78000020980835,5.75,4.308767318725586
20-04-2018,5.75,5.75,0,5.75,5.75,4.308767318725586
23-04-2018,5.699999809265137,5.730000019073486,11100,5.78000020980835,5.699999809265137,4.271299839019775
24-04-2018,5.75,5.800000190734863,59900,5.949999809265137,5.800000190734863,4.346235752105713
25-04-2018,5.769999980926514,5.900000095367432,42600,6.0,5.869999885559082,4.398690223693848
26-04-2018,5.809999942779541,5.849999904632568,13500,6.0,5.900000095367432,4.421170234680176
27-04-2018,5.900000095367432,6.0,14900,6.090000152587891,6.050000190734863,4.533573627471924
30-04-2018,5.900000095367432,6.099999904632568,19600,6.099999904632568,5.900000095367432,4.421170234680176
01-05-2018,5.849999904632568,6.0,14200,6.03000020980835,5.949999809265137,4.458637714385986
02-05-2018,5.75,6.0,10400,6.0,5.849999904632568,4.383702754974365
03-05-2018,5.800000190734863,5.900000095367432,3000,5.900000095367432,5.800000190734863,4.346235752105713
04-05-2018,5.75,5.849999904632568,6800,5.900000095367432,5.900000095367432,4.421170234680176
07-05-2018,5.949999809265137,5.949999809265137,900,5.949999809265137,5.949999809265137,4.458637714385986
08-05-2018,5.869999885559082,5.869999885559082,8000,6.0,5.949999809265137,4.458637714385986
09-05-2018,5.800000190734863,5.889999866485596,6200,5.949999809265137,5.900000095367432,4.421170234680176
10-05-2018,5.820000171661377,5.849999904632568,2900,5.900000095367432,5.849999904632568,4.383702754974365
11-05-2018,5.849999904632568,5.869999885559082,17900,5.909999847412109,5.849999904632568,4.383702754974365
14-05-2018,5.860000133514404,5.900000095367432,15000,5.949999809265137,5.900000095367432,4.421170234680176
15-05-2018,5.920000076293945,5.949999809265137,23300,6.0,5.96999979019165,4.473625183105469
16-05-2018,5.949999809265137,6.0,17600,6.050000190734863,5.949999809265137,4.458637714385986
17-05-2018,5.949999809265137,6.0,19600,6.03000020980835,5.949999809265137,4.458637714385986
18-05-2018,5.949999809265137,6.0,13900,6.099999904632568,5.949999809265137,4.458637714385986
21-05-2018,6.0,6.0,10700,6.070000171661377,6.050000190734863,4.533573627471924
22-05-2018,5.949999809265137,6.099999904632568,25900,6.099999904632568,6.0,4.496105194091797
23-05-2018,5.949999809265137,5.949999809265137,2100,6.0,5.989999771118164,4.488611221313477
24-05-2018,5.949999809265137,6.010000228881836,11900,6.099999904632568,6.0,4.496105194091797
25-05-2018,5.949999809265137,6.050000190734863,10800,6.099999904632568,5.949999809265137,4.458637714385986
29-05-2018,5.849999904632568,6.0,11100,6.079999923706055,5.849999904632568,4.383702754974365
30-05-2018,5.960000038146973,6.0,35700,6.099999904632568,6.0,4.496105194091797
31-05-2018,5.800000190734863,5.949999809265137,66200,6.050000190734863,5.800000190734863,4.346235752105713
01-06-2018,5.75,5.800000190734863,50000,5.900000095367432,5.800000190734863,4.346235752105713
04-06-2018,5.699999809265137,5.849999904632568,33500,5.849999904632568,5.699999809265137,4.271299839019775
05-06-2018,5.5,5.75,48600,5.78000020980835,5.599999904632568,4.196364879608154
06-06-2018,5.5,5.550000190734863,59600,5.650000095367432,5.550000190734863,4.158897876739502
07-06-2018,5.5,5.579999923706055,18000,5.599999904632568,5.5,4.121430397033691
08-06-2018,5.449999809265137,5.5,58100,5.699999809265137,5.5,4.121430397033691
11-06-2018,5.449999809265137,5.699999809265137,54700,5.699999809265137,5.550000190734863,4.158897876739502
12-06-2018,5.400000095367432,5.5,166900,5.699999809265137,5.650000095367432,4.2338337898254395
13-06-2018,5.800000190734863,6.150000095367432,155500,6.25,5.900000095367432,4.421170234680176
14-06-2018,5.75,6.050000190734863,71400,6.050000190734863,5.75,4.36799430847168
15-06-2018,5.510000228881836,5.75,218900,5.800000190734863,5.75,4.36799430847168
18-06-2018,5.75,5.75,47300,5.849999904632568,5.75,4.36799430847168
19-06-2018,5.75,5.849999904632568,27300,5.849999904632568,5.75,4.36799430847168
20-06-2018,5.699999809265137,5.900000095367432,21700,5.900000095367432,5.800000190734863,4.405977725982666
21-06-2018,5.650000095367432,5.75,14300,5.75,5.650000095367432,4.2920308113098145
22-06-2018,5.550000190734863,5.599999904632568,22600,5.699999809265137,5.599999904632568,4.25404691696167
25-06-2018,5.5,5.550000190734863,15000,5.599999904632568,5.5,4.178082466125488
26-06-2018,5.550000190734863,5.570000171661377,900,5.570000171661377,5.550000190734863,4.216064929962158
27-06-2018,5.550000190734863,5.599999904632568,4400,5.599999904632568,5.590000152587891,4.246450424194336
28-06-2018,5.5,5.599999904632568,84900,5.75,5.599999904632568,4.25404691696167
29-06-2018,5.5,5.599999904632568,39100,5.699999809265137,5.699999809265137,4.33001184463501
02-07-2018,5.599999904632568,5.650000095367432,4500,5.690000057220459,5.599999904632568,4.25404691696167
03-07-2018,5.590000152587891,5.650000095367432,2500,5.650000095367432,5.590000152587891,4.246450424194336
05-07-2018,5.5,5.579999923706055,7800,5.599999904632568,5.599999904632568,4.25404691696167
06-07-2018,5.550000190734863,5.599999904632568,8700,5.650000095367432,5.550000190734863,4.216064929962158
09-07-2018,5.260000228881836,5.650000095367432,35100,5.650000095367432,5.5,4.178082466125488
10-07-2018,5.349999904632568,5.550000190734863,11400,5.550000190734863,5.349999904632568,4.064133644104004
11-07-2018,5.300000190734863,5.300000190734863,47000,5.400000095367432,5.400000095367432,4.102116584777832
12-07-2018,5.309999942779541,5.309999942779541,30600,5.480000019073486,5.400000095367432,4.102116584777832
13-07-2018,5.349999904632568,5.449999809265137,54900,5.449999809265137,5.449999809265137,4.14009952545166
16-07-2018,5.309999942779541,5.400000095367432,6400,5.409999847412109,5.400000095367432,4.102116584777832
17-07-2018,5.300000190734863,5.349999904632568,15200,5.400000095367432,5.349999904632568,4.064133644104004
18-07-2018,5.300000190734863,5.300000190734863,12500,5.360000133514404,5.349999904632568,4.064133644104004
19-07-2018,5.300000190734863,5.300000190734863,10400,5.400000095367432,5.349999904632568,4.064133644104004
20-07-2018,5.369999885559082,5.369999885559082,2200,5.400000095367432,5.380000114440918,4.0869245529174805
23-07-2018,5.300000190734863,5.349999904632568,25600,5.349999904632568,5.349999904632568,4.064133644104004
24-07-2018,5.300000190734863,5.300000190734863,5100,5.340000152587891,5.300000190734863,4.02615213394165
25-07-2018,5.199999809265137,5.300000190734863,16000,5.300000190734863,5.199999809265137,3.950186014175415
26-07-2018,5.199999809265137,5.199999809265137,17500,5.28000020980835,5.230000019073486,3.972975730895996
27-07-2018,5.25,5.25,19300,5.440000057220459,5.25,3.9881699085235596
30-07-2018,5.25,5.25,28900,5.449999809265137,5.449999809265137,4.14009952545166
31-07-2018,5.25,5.349999904632568,22100,5.449999809265137,5.300000190734863,4.02615213394165
01-08-2018,5.300000190734863,5.300000190734863,13700,5.449999809265137,5.400000095367432,4.102116584777832
02-08-2018,5.349999904632568,5.400000095367432,7200,5.400000095367432,5.400000095367432,4.102116584777832
03-08-2018,5.300000190734863,5.360000133514404,12300,5.380000114440918,5.349999904632568,4.064133644104004
06-08-2018,5.349999904632568,5.349999904632568,5600,5.400000095367432,5.380000114440918,4.0869245529174805
07-08-2018,5.309999942779541,5.349999904632568,5400,5.360000133514404,5.320000171661377,4.041345119476318
08-08-2018,5.300000190734863,5.300000190734863,6700,5.429999828338623,5.429999828338623,4.124906063079834
09-08-2018,5.400000095367432,5.400000095367432,94600,5.75,5.739999771118164,4.360398292541504
10-08-2018,5.639999866485596,5.699999809265137,35300,5.900000095367432,5.900000095367432,4.481942653656006
13-08-2018,5.690000057220459,5.949999809265137,18200,5.949999809265137,5.809999942779541,4.413573741912842
14-08-2018,5.75,5.849999904632568,8400,5.889999866485596,5.75,4.36799430847168
15-08-2018,5.800000190734863,5.800000190734863,14200,6.0,5.849999904632568,4.443959712982178
16-08-2018,5.789999961853027,5.960000038146973,7500,5.960000038146973,5.900000095367432,4.481942653656006
17-08-2018,5.710000038146973,5.710000038146973,3600,5.840000152587891,5.800000190734863,4.405977725982666
20-08-2018,5.75,5.75,4100,5.849999904632568,5.849999904632568,4.443959712982178
21-08-2018,5.800000190734863,5.800000190734863,5900,5.849999904632568,5.800000190734863,4.405977725982666
22-08-2018,5.760000228881836,5.800000190734863,4700,5.809999942779541,5.760000228881836,4.375591278076172
23-08-2018,5.599999904632568,5.78000020980835,24700,5.78000020980835,5.760000228881836,4.375591278076172
24-08-2018,5.699999809265137,5.75,3700,5.800000190734863,5.699999809265137,4.33001184463501
27-08-2018,5.699999809265137,5.800000190734863,8400,5.800000190734863,5.699999809265137,4.33001184463501
28-08-2018,5.400000095367432,5.650000095367432,11500,5.699999809265137,5.449999809265137,4.14009952545166
29-08-2018,5.489999771118164,5.5,8600,5.75,5.570000171661377,4.231257438659668
30-08-2018,5.550000190734863,5.630000114440918,7000,5.699999809265137,5.699999809265137,4.33001184463501
31-08-2018,5.71999979019165,5.75,12100,5.869999885559082,5.849999904632568,4.443959712982178
04-09-2018,5.599999904632568,5.900000095367432,9900,5.900000095367432,5.849999904632568,4.443959712982178
05-09-2018,5.760000228881836,5.800000190734863,16500,6.0,6.0,4.557907581329346
06-09-2018,5.960000038146973,5.960000038146973,19800,6.050000190734863,6.050000190734863,4.595890998840332
07-09-2018,5.960000038146973,6.0,26500,6.090000152587891,6.050000190734863,4.595890998840332
10-09-2018,5.75,5.75,20600,6.139999866485596,6.050000190734863,4.595890998840332
11-09-2018,5.489999771118164,6.0,20300,6.099999904632568,6.050000190734863,4.595890998840332
12-09-2018,5.900000095367432,5.900000095367432,59800,6.099999904632568,6.099999904632568,4.6338725090026855
13-09-2018,5.949999809265137,5.949999809265137,15800,6.099999904632568,6.099999904632568,4.695452690124512
14-09-2018,5.599999904632568,6.050000190734863,41500,6.110000133514404,6.0,4.618477821350098
17-09-2018,5.849999904632568,5.949999809265137,37000,6.03000020980835,5.900000095367432,4.541503429412842
18-09-2018,5.650000095367432,5.900000095367432,28700,5.929999828338623,5.75,4.426041603088379
19-09-2018,5.550000190734863,5.849999904632568,12100,5.949999809265137,5.699999809265137,4.3875532150268555
20-09-2018,5.75,5.75,6600,6.0,5.900000095367432,4.541503429412842
21-09-2018,5.599999904632568,5.800000190734863,21200,5.949999809265137,5.949999809265137,4.579990863800049
24-09-2018,5.559999942779541,5.710000038146973,20400,5.900000095367432,5.849999904632568,4.503015518188477
25-09-2018,5.650000095367432,5.650000095367432,10900,5.78000020980835,5.699999809265137,4.3875532150268555
26-09-2018,5.599999904632568,5.599999904632568,5100,5.75,5.75,4.426041603088379
27-09-2018,5.599999904632568,5.699999809265137,7800,5.739999771118164,5.650000095367432,4.349066734313965
28-09-2018,5.639999866485596,5.639999866485596,16800,5.800000190734863,5.699999809265137,4.3875532150268555
01-10-2018,5.690000057220459,5.75,2500,5.820000171661377,5.699999809265137,4.3875532150268555
02-10-2018,5.599999904632568,5.820000171661377,3800,5.820000171661377,5.610000133514404,4.318276405334473
03-10-2018,5.400000095367432,5.599999904632568,27400,5.849999904632568,5.579999923706055,4.29518461227417
04-10-2018,5.420000076293945,5.449999809265137,27000,5.570000171661377,5.420000076293945,4.172024250030518
05-10-2018,5.400000095367432,5.449999809265137,26800,5.519999980926514,5.400000095367432,4.156630516052246
08-10-2018,5.400000095367432,5.400000095367432,8400,5.539999961853027,5.400000095367432,4.156630516052246
09-10-2018,5.28000020980835,5.349999904632568,20200,5.349999904632568,5.28000020980835,4.064260482788086
10-10-2018,5.25,5.269999980926514,18900,5.429999828338623,5.28000020980835,4.064260482788086
11-10-2018,5.0,5.349999904632568,174700,5.349999904632568,5.230000019073486,4.025774002075195
12-10-2018,5.239999771118164,5.309999942779541,8200,5.389999866485596,5.300000190734863,4.079655647277832
15-10-2018,5.300000190734863,5.300000190734863,5700,5.400000095367432,5.309999942779541,4.087352275848389
16-10-2018,5.309999942779541,5.309999942779541,9700,5.550000190734863,5.519999980926514,4.248999118804932
17-10-2018,5.329999923706055,5.53000020980835,9400,5.579999923706055,5.329999923706055,4.102747440338135
18-10-2018,5.320000171661377,5.420000076293945,4200,5.599999904632568,5.320000171661377,4.095051288604736
19-10-2018,5.309999942779541,5.320000171661377,4500,5.46999979019165,5.309999942779541,4.087352275848389
22-10-2018,5.309999942779541,5.309999942779541,4300,5.449999809265137,5.309999942779541,4.087352275848389
23-10-2018,5.230000019073486,5.300000190734863,4500,5.389999866485596,5.300000190734863,4.079655647277832
24-10-2018,5.199999809265137,5.349999904632568,7500,5.360000133514404,5.25,4.041168212890625
25-10-2018,5.199999809265137,5.239999771118164,4800,5.329999923706055,5.239999771118164,4.033470630645752
26-10-2018,5.150000095367432,5.210000038146973,17200,5.230000019073486,5.199999809265137,4.002680778503418
29-10-2018,5.170000076293945,5.190000057220459,17100,5.28000020980835,5.28000020980835,4.064260482788086
30-10-2018,5.210000038146973,5.21999979019165,6200,5.25,5.25,4.041168212890625
31-10-2018,5.190000057220459,5.25,22400,5.269999980926514,5.260000228881836,4.04886531829834
01-11-2018,5.309999942779541,5.329999923706055,2000,5.329999923706055,5.329999923706055,4.102747440338135
02-11-2018,5.300000190734863,5.300000190734863,7300,5.46999979019165,5.300000190734863,4.079655647277832
05-11-2018,5.199999809265137,5.300000190734863,15400,5.429999828338623,5.199999809265137,4.002680778503418
06-11-2018,5.159999847412109,5.190000057220459,14000,5.349999904632568,5.230000019073486,4.025774002075195
07-11-2018,5.150000095367432,5.199999809265137,15600,5.21999979019165,5.159999847412109,3.971890687942505
08-11-2018,5.650000095367432,5.650000095367432,117500,6.150000095367432,5.900000095367432,4.541503429412842
09-11-2018,5.900000095367432,5.900000095367432,2800,5.989999771118164,5.929999828338623,4.564596176147461
12-11-2018,5.820000171661377,5.900000095367432,4700,5.929999828338623,5.820000171661377,4.479924201965332
13-11-2018,5.78000020980835,5.800000190734863,22900,5.980000019073486,5.789999961853027,4.456830978393555
14-11-2018,5.650000095367432,5.78000020980835,10000,5.829999923706055,5.679999828338623,4.372158527374268
15-11-2018,5.650000095367432,5.650000095367432,2800,5.960000038146973,5.960000038146973,4.5876874923706055
16-11-2018,5.849999904632568,5.849999904632568,7900,5.940000057220459,5.860000133514404,4.51071310043335
19-11-2018,5.699999809265137,5.849999904632568,7400,5.920000076293945,5.909999847412109,4.549201011657715
20-11-2018,5.699999809265137,5.710000038146973,7900,5.889999866485596,5.869999885559082,4.518410682678223
21-11-2018,5.849999904632568,5.949999809265137,13800,5.949999809265137,5.949999809265137,4.579990863800049
23-11-2018,5.670000076293945,5.849999904632568,2500,5.849999904632568,5.670000076293945,4.364461898803711
26-11-2018,5.690000057220459,5.760000228881836,6300,5.760000228881836,5.699999809265137,4.3875532150268555
27-11-2018,5.730000019073486,5.730000019073486,16000,5.989999771118164,5.869999885559082,4.518410682678223
28-11-2018,5.670000076293945,5.670000076293945,5100,5.989999771118164,5.989999771118164,4.610780715942383
29-11-2018,5.730000019073486,6.0,9800,6.0,5.980000019073486,4.60308313369751
30-11-2018,5.78000020980835,6.0,8100,6.050000190734863,5.78000020980835,4.449134349822998
03-12-2018,5.889999866485596,5.900000095367432,7300,6.039999961853027,6.03000020980835,4.641570568084717
04-12-2018,5.760000228881836,6.03000020980835,18700,6.03000020980835,5.820000171661377,4.479924201965332
06-12-2018,5.559999942779541,5.829999923706055,12500,5.829999923706055,5.699999809265137,4.3875532150268555
07-12-2018,5.739999771118164,5.739999771118164,9400,5.929999828338623,5.789999961853027,4.456830978393555
10-12-2018,5.71999979019165,5.849999904632568,6600,5.889999866485596,5.730000019073486,4.410646915435791
11-12-2018,5.690000057220459,5.96999979019165,4800,5.96999979019165,5.829999923706055,4.487620830535889
12-12-2018,5.710000038146973,5.710000038146973,6900,5.829999923706055,5.809999942779541,4.472226142883301
13-12-2018,5.650000095367432,5.650000095367432,12700,5.949999809265137,5.679999828338623,4.433201313018799
14-12-2018,5.679999828338623,5.690000057220459,8000,5.880000114440918,5.880000114440918,4.589301109313965
17-12-2018,5.849999904632568,5.900000095367432,17000,6.0,5.900000095367432,4.604910373687744
18-12-2018,5.849999904632568,5.889999866485596,14600,5.900000095367432,5.849999904632568,4.565885066986084
19-12-2018,5.559999942779541,5.849999904632568,17800,5.849999904632568,5.699999809265137,4.448812007904053
20-12-2018,5.460000038146973,5.460000038146973,13500,5.599999904632568,5.480000019073486,4.277103424072266
21-12-2018,5.440000057220459,5.460000038146973,3600,5.590000152587891,5.440000057220459,4.245883464813232
24-12-2018,5.409999847412109,5.409999847412109,8800,5.5,5.480000019073486,4.277103424072266
26-12-2018,5.360000133514404,5.5,21900,5.5,5.400000095367432,4.214663505554199
27-12-2018,5.349999904632568,5.400000095367432,15000,5.5,5.389999866485596,4.206859111785889
28-12-2018,5.400000095367432,5.440000057220459,15300,5.5,5.46999979019165,4.2692975997924805
31-12-2018,5.400000095367432,5.489999771118164,15900,5.5,5.400000095367432,4.214663505554199
02-01-2019,5.389999866485596,5.389999866485596,43900,5.96999979019165,5.929999828338623,4.628324508666992
03-01-2019,5.599999904632568,5.940000057220459,6700,5.940000057220459,5.880000114440918,4.589301109313965
04-01-2019,5.550000190734863,5.960000038146973,19800,6.050000190734863,5.989999771118164,4.675154685974121
07-01-2019,5.639999866485596,5.960000038146973,15600,5.989999771118164,5.940000057220459,4.636130332946777
08-01-2019,5.789999961853027,5.940000057220459,2100,5.940000057220459,5.929999828338623,4.628324508666992
09-01-2019,5.75,5.900000095367432,20900,5.96999979019165,5.960000038146973,4.651739597320557
10-01-2019,5.670000076293945,5.670000076293945,600,5.809999942779541,5.809999942779541,4.534666061401367
11-01-2019,5.739999771118164,5.739999771118164,5900,5.849999904632568,5.820000171661377,4.542470932006836
14-01-2019,5.679999828338623,5.849999904632568,3100,5.900000095367432,5.679999828338623,4.433201313018799
15-01-2019,5.550000190734863,5.599999904632568,17700,5.670000076293945,5.579999923706055,4.355152130126953
16-01-2019,5.550000190734863,5.550000190734863,7600,5.75,5.679999828338623,4.433201313018799
17-01-2019,5.690000057220459,5.820000171661377,10100,5.820000171661377,5.690000057220459,4.441006183624268
18-01-2019,5.769999980926514,5.769999980926514,10600,5.889999866485596,5.860000133514404,4.573690414428711
22-01-2019,5.829999923706055,5.909999847412109,17700,5.940000057220459,5.889999866485596,4.597105026245117
23-01-2019,5.789999961853027,5.849999904632568,900,5.869999885559082,5.869999885559082,4.581495761871338
24-01-2019,5.639999866485596,5.809999942779541,4500,5.809999942779541,5.78000020980835,4.511251449584961
25-01-2019,5.769999980926514,5.800000190734863,1300,5.800000190734863,5.769999980926514,4.503446578979492
28-01-2019,5.760000228881836,5.800000190734863,10700,5.880000114440918,5.869999885559082,4.581495761871338
29-01-2019,5.869999885559082,5.880000114440918,1200,5.900000095367432,5.869999885559082,4.581495761871338
30-01-2019,5.760000228881836,5.829999923706055,4600,5.900000095367432,5.900000095367432,4.604910373687744
31-01-2019,5.78000020980835,5.809999942779541,4900,5.900000095367432,5.849999904632568,4.565885066986084
01-02-2019,5.889999866485596,5.889999866485596,1600,5.889999866485596,5.889999866485596,4.597105026245117
04-02-2019,5.739999771118164,5.889999866485596,5200,5.889999866485596,5.889999866485596,4.597105026245117
05-02-2019,5.739999771118164,5.860000133514404,12600,5.900000095367432,5.75,4.4878363609313965
06-02-2019,5.75,5.789999961853027,9700,5.849999904632568,5.849999904632568,4.565885066986084
07-02-2019,5.5,5.880000114440918,125300,5.880000114440918,5.5,4.292713165283203
08-02-2019,5.550000190734863,5.659999847412109,5500,5.670000076293945,5.559999942779541,4.339541912078857
11-02-2019,5.619999885559082,5.670000076293945,6800,5.800000190734863,5.619999885559082,4.386371612548828
12-02-2019,5.570000171661377,5.619999885559082,12700,5.699999809265137,5.590000152587891,4.362957954406738
13-02-2019,5.599999904632568,5.610000133514404,7300,5.699999809265137,5.630000114440918,4.394176959991455
14-02-2019,5.699999809265137,5.699999809265137,13200,5.789999961853027,5.699999809265137,4.448812007904053
15-02-2019,5.639999866485596,5.659999847412109,6000,5.659999847412109,5.639999866485596,4.401981353759766
19-02-2019,5.519999980926514,5.599999904632568,18100,5.730000019073486,5.519999980926514,4.308322429656982
20-02-2019,5.519999980926514,5.599999904632568,26800,5.730000019073486,5.519999980926514,4.308322429656982
21-02-2019,5.559999942779541,5.559999942779541,19700,5.670000076293945,5.659999847412109,4.4175920486450195
22-02-2019,5.550000190734863,5.559999942779541,17300,5.630000114440918,5.550000190734863,4.331737518310547
25-02-2019,5.5,5.630000114440918,15200,5.75,5.510000228881836,4.300517559051514
26-02-2019,5.460000038146973,5.570000171661377,9400,5.71999979019165,5.460000038146973,4.261492729187012
27-02-2019,5.420000076293945,5.5,22400,5.570000171661377,5.449999809265137,4.253687381744385
28-02-2019,5.429999828338623,5.449999809265137,56100,5.71999979019165,5.449999809265137,4.253687381744385
01-03-2019,5.409999847412109,5.440000057220459,5000,5.5,5.409999847412109,4.222468852996826
04-03-2019,5.380000114440918,5.46999979019165,31600,5.590000152587891,5.380000114440918,4.19905424118042
05-03-2019,5.329999923706055,5.429999828338623,4800,5.590000152587891,5.400000095367432,4.214663505554199
06-03-2019,5.199999809265137,5.400000095367432,77000,5.400000095367432,5.230000019073486,4.0819807052612305
07-03-2019,5.239999771118164,5.269999980926514,12600,5.340000152587891,5.269999980926514,4.113199234008789
08-03-2019,5.289999961853027,5.289999961853027,2300,5.309999942779541,5.309999942779541,4.144418716430664
11-03-2019,5.320000171661377,5.5,32100,5.579999923706055,5.449999809265137,4.253687381744385
12-03-2019,5.199999809265137,5.5,17500,5.5,5.239999771118164,4.089784145355225
13-03-2019,5.269999980926514,5.449999809265137,25400,5.480000019073486,5.300000190734863,4.1366143226623535
14-03-2019,5.199999809265137,5.300000190734863,22900,5.300000190734863,5.199999809265137,4.120765209197998
15-03-2019,5.199999809265137,5.230000019073486,11700,5.239999771118164,5.199999809265137,4.120765209197998
18-03-2019,5.210000038146973,5.239999771118164,8000,5.239999771118164,5.230000019073486,4.1445393562316895
19-03-2019,5.119999885559082,5.239999771118164,41700,5.239999771118164,5.190000057220459,4.11284065246582
20-03-2019,5.139999866485596,5.139999866485596,9600,5.199999809265137,5.170000076293945,4.096990585327148
21-03-2019,5.110000133514404,5.150000095367432,27100,5.190000057220459,5.139999866485596,4.073217868804932
22-03-2019,5.050000190734863,5.179999828338623,27300,5.179999828338623,5.159999847412109,4.089066982269287
25-03-2019,5.139999866485596,5.170000076293945,25900,5.300000190734863,5.159999847412109,4.089066982269287
26-03-2019,5.170000076293945,5.289999961853027,12700,5.300000190734863,5.21999979019165,4.136613368988037
27-03-2019,5.170000076293945,5.179999828338623,5800,5.21999979019165,5.179999828338623,4.104916095733643
28-03-2019,5.150000095367432,5.199999809265137,3900,5.199999809265137,5.150000095367432,4.081142425537109
29-03-2019,5.159999847412109,5.159999847412109,4700,5.190000057220459,5.159999847412109,4.089066982269287
01-04-2019,5.150000095367432,5.170000076293945,29600,5.25,5.150000095367432,4.081142425537109
02-04-2019,5.110000133514404,5.179999828338623,8600,5.179999828338623,5.170000076293945,4.096990585327148
03-04-2019,5.170000076293945,5.170000076293945,10100,5.300000190734863,5.21999979019165,4.136613368988037
04-04-2019,5.159999847412109,5.230000019073486,8300,5.230000019073486,5.199999809265137,4.120765209197998
05-04-2019,5.150000095367432,5.21999979019165,14700,5.21999979019165,5.150000095367432,4.081142425537109
08-04-2019,5.099999904632568,5.199999809265137,112800,5.199999809265137,5.119999885559082,4.057369232177734
09-04-2019,5.010000228881836,5.119999885559082,38600,5.119999885559082,5.03000020980835,3.9860475063323975
10-04-2019,4.75,5.059999942779541,933300,5.059999942779541,4.789999961853027,3.795858860015869
11-04-2019,4.820000171661377,4.829999923706055,52900,4.929999828338623,4.920000076293945,3.8988780975341797
12-04-2019,4.900000095367432,4.949999809265137,4400,4.960000038146973,4.900000095367432,3.883028984069824
15-04-2019,4.909999847412109,4.929999828338623,25200,5.019999980926514,5.0,3.9622743129730225
16-04-2019,4.980000019073486,5.039999961853027,11900,5.039999961853027,4.980000019073486,3.946424961090088
17-04-2019,4.789999961853027,4.960000038146973,83700,4.960000038146973,4.789999961853027,3.795858860015869
18-04-2019,4.789999961853027,4.789999961853027,19800,4.940000057220459,4.920000076293945,3.8988780975341797
22-04-2019,4.920000076293945,4.920000076293945,23100,5.0,4.96999979019165,3.938500165939331
23-04-2019,4.949999809265137,4.96999979019165,103400,5.050000190734863,5.050000190734863,4.00189733505249
24-04-2019,5.070000171661377,5.090000152587891,16200,5.159999847412109,5.070000171661377,4.017746448516846
25-04-2019,5.079999923706055,5.099999904632568,8800,5.150000095367432,5.099999904632568,4.0415191650390625
26-04-2019,5.050000190734863,5.090000152587891,13400,5.159999847412109,5.130000114440918,4.065293312072754
29-04-2019,5.110000133514404,5.139999866485596,50800,5.25,5.199999809265137,4.120765209197998
30-04-2019,5.179999828338623,5.179999828338623,16700,5.210000038146973,5.199999809265137,4.120765209197998
01-05-2019,5.159999847412109,5.21999979019165,15500,5.21999979019165,5.199999809265137,4.120765209197998
02-05-2019,5.170000076293945,5.170000076293945,6400,5.239999771118164,5.199999809265137,4.120765209197998
03-05-2019,5.159999847412109,5.21999979019165,21600,5.25,5.199999809265137,4.120765209197998
06-05-2019,5.150000095367432,5.150000095367432,32300,5.260000228881836,5.230000019073486,4.1445393562316895
07-05-2019,5.179999828338623,5.230000019073486,12400,5.25,5.199999809265137,4.120765209197998
08-05-2019,5.050000190734863,5.230000019073486,117200,5.389999866485596,5.260000228881836,4.1683125495910645
09-05-2019,5.190000057220459,5.28000020980835,9700,5.28000020980835,5.199999809265137,4.120765209197998
10-05-2019,5.179999828338623,5.179999828338623,71300,5.389999866485596,5.389999866485596,4.271331310272217
13-05-2019,5.150000095367432,5.369999885559082,61600,5.369999885559082,5.230000019073486,4.1445393562316895
14-05-2019,4.010000228881836,5.25,753200,5.449999809265137,4.510000228881836,3.5739715099334717
15-05-2019,4.550000190734863,4.550000190734863,48100,4.739999771118164,4.730000019073486,3.7483112812042236
16-05-2019,4.75,4.75,28200,4.880000114440918,4.849999904632568,3.843405246734619
17-05-2019,4.710000038146973,4.840000152587891,27100,4.840000152587891,4.760000228881836,3.772085428237915
20-05-2019,4.760000228881836,4.789999961853027,24800,4.869999885559082,4.829999923706055,3.827556610107422
21-05-2019,4.760000228881836,4.809999942779541,10600,4.849999904632568,4.760000228881836,3.772085428237915
22-05-2019,4.800000190734863,4.800000190734863,5100,4.829999923706055,4.800000190734863,3.8037829399108887
23-05-2019,4.78000020980835,4.800000190734863,30400,4.889999866485596,4.860000133514404,3.851330518722534
24-05-2019,4.900000095367432,4.909999847412109,10200,4.920000076293945,4.900000095367432,3.883028984069824
28-05-2019,4.849999904632568,4.900000095367432,19900,4.96999979019165,4.900000095367432,3.883028984069824
29-05-2019,4.880000114440918,4.880000114440918,109800,5.119999885559082,5.059999942779541,4.00982141494751
30-05-2019,5.019999980926514,5.019999980926514,12600,5.099999904632568,5.059999942779541,4.00982141494751
31-05-2019,4.96999979019165,4.980000019073486,3700,5.079999923706055,5.03000020980835,3.9860475063323975
03-06-2019,4.71999979019165,5.050000190734863,26600,5.050000190734863,5.0,3.9622743129730225
04-06-2019,4.949999809265137,4.949999809265137,17300,5.050000190734863,5.050000190734863,4.00189733505249
05-06-2019,4.900000095367432,5.03000020980835,8200,5.090000152587891,4.949999809265137,3.922651529312134
06-06-2019,4.949999809265137,4.949999809265137,13200,5.039999961853027,5.0,3.9622743129730225
07-06-2019,4.880000114440918,4.980000019073486,23200,4.980000019073486,4.889999866485596,3.8751046657562256
10-06-2019,4.820000171661377,4.860000133514404,15300,4.940000057220459,4.820000171661377,3.819632053375244
11-06-2019,4.679999828338623,4.800000190734863,13600,4.869999885559082,4.679999828338623,3.708688259124756
12-06-2019,4.699999809265137,4.71999979019165,94700,4.900000095367432,4.800000190734863,3.8037829399108887
13-06-2019,4.590000152587891,4.900000095367432,229200,5.150000095367432,4.760000228881836,3.8360190391540527
14-06-2019,4.429999828338623,4.75,49800,4.75,4.460000038146973,3.594252347946167
17-06-2019,4.440000057220459,4.489999771118164,62200,4.53000020980835,4.53000020980835,3.6506645679473877
18-06-2019,4.53000020980835,4.570000171661377,24400,4.599999904632568,4.53000020980835,3.6506645679473877
19-06-2019,4.5,4.579999923706055,39700,4.579999923706055,4.550000190734863,3.6667826175689697
20-06-2019,4.46999979019165,4.550000190734863,21700,4.550000190734863,4.46999979019165,3.602311372756958
21-06-2019,4.349999904632568,4.449999809265137,25500,4.489999771118164,4.349999904632568,3.505605459213257
24-06-2019,4.349999904632568,4.360000133514404,17100,4.400000095367432,4.360000133514404,3.5136642456054688
25-06-2019,4.360000133514404,4.360000133514404,29800,4.489999771118164,4.46999979019165,3.602311372756958
26-06-2019,4.400000095367432,4.420000076293945,21000,4.519999980926514,4.519999980926514,3.642606258392334
27-06-2019,4.429999828338623,4.489999771118164,6000,4.5,4.460000038146973,3.594252347946167
28-06-2019,4.389999866485596,4.449999809265137,65500,4.75,4.699999809265137,3.787665605545044
01-07-2019,4.380000114440918,4.449999809265137,77200,4.650000095367432,4.550000190734863,3.6667826175689697
02-07-2019,4.389999866485596,4.489999771118164,13900,4.550000190734863,4.510000228881836,3.634546995162964
03-07-2019,4.440000057220459,4.519999980926514,4800,4.550000190734863,4.550000190734863,3.6667826175689697
05-07-2019,4.420000076293945,4.420000076293945,21500,4.559999942779541,4.460000038146973,3.594252347946167
08-07-2019,4.400000095367432,4.480000019073486,14500,4.480000019073486,4.400000095367432,3.5458996295928955
09-07-2019,4.420000076293945,4.480000019073486,7900,4.53000020980835,4.53000020980835,3.6506645679473877
10-07-2019,4.460000038146973,4.46999979019165,11700,4.570000171661377,4.5,3.626488447189331
11-07-2019,4.409999847412109,4.480000019073486,7900,4.489999771118164,4.420000076293945,3.5620174407958984
12-07-2019,4.400000095367432,4.429999828338623,16600,4.559999942779541,4.429999828338623,3.570075750350952
15-07-2019,4.480000019073486,4.5,10100,4.659999847412109,4.659999847412109,3.755429744720459
16-07-2019,4.5,4.519999980926514,13400,4.659999847412109,4.5,3.626488447189331
17-07-2019,4.46999979019165,4.46999979019165,17100,4.630000114440918,4.619999885559082,3.723194122314453
18-07-2019,4.510000228881836,4.550000190734863,4800,4.550000190734863,4.519999980926514,3.642606258392334
19-07-2019,4.519999980926514,4.539999961853027,19100,4.599999904632568,4.599999904632568,3.7070767879486084
22-07-2019,4.550000190734863,4.610000133514404,35000,4.650000095367432,4.650000095367432,3.747371196746826
23-07-2019,4.550000190734863,4.550000190734863,35400,4.610000133514404,4.599999904632568,3.7070767879486084
24-07-2019,4.550000190734863,4.559999942779541,33100,4.639999866485596,4.559999942779541,3.6748414039611816
25-07-2019,4.559999942779541,4.559999942779541,224100,4.71999979019165,4.630000114440918,3.731253147125244
26-07-2019,4.579999923706055,4.630000114440918,4600,4.71999979019165,4.579999923706055,3.6909589767456055
29-07-2019,4.53000020980835,4.570000171661377,10100,4.730000019073486,4.570000171661377,3.6829004287719727
30-07-2019,4.619999885559082,4.619999885559082,41100,4.730000019073486,4.659999847412109,3.755429744720459
31-07-2019,4.599999904632568,4.71999979019165,11000,4.730000019073486,4.599999904632568,3.7070767879486084
01-08-2019,4.599999904632568,4.690000057220459,18700,4.699999809265137,4.599999904632568,3.7070767879486084
02-08-2019,4.599999904632568,4.599999904632568,17500,4.71999979019165,4.71999979019165,3.8037831783294678
05-08-2019,4.550000190734863,4.699999809265137,24800,4.769999980926514,4.760000228881836,3.8360190391540527
06-08-2019,4.699999809265137,4.699999809265137,12800,4.769999980926514,4.739999771118164,3.8199007511138916
07-08-2019,4.71999979019165,4.71999979019165,3700,4.769999980926514,4.75,3.8279595375061035
08-08-2019,4.739999771118164,4.739999771118164,4600,4.800000190734863,4.75,3.8279595375061035
09-08-2019,4.75,4.75,12400,4.889999866485596,4.869999885559082,3.924666166305542
12-08-2019,4.829999923706055,4.880000114440918,12700,4.920000076293945,4.909999847412109,3.9569008350372314
13-08-2019,4.800000190734863,4.900000095367432,15900,4.920000076293945,4.920000076293945,3.964960813522339
14-08-2019,5.050000190734863,5.050000190734863,38900,5.340000152587891,5.159999847412109,4.15837287902832
15-08-2019,5.079999923706055,5.150000095367432,60100,5.300000190734863,5.25,4.230903148651123
16-08-2019,5.0,5.179999828338623,19300,5.289999961853027,5.25,4.230903148651123
19-08-2019,5.110000133514404,5.199999809265137,18600,5.300000190734863,5.269999980926514,4.247020244598389
20-08-2019,5.230000019073486,5.230000019073486,18100,5.300000190734863,5.25,4.230903148651123
21-08-2019,5.230000019073486,5.230000019073486,9900,5.309999942779541,5.309999942779541,4.2792558670043945
22-08-2019,5.130000114440918,5.130000114440918,18300,5.300000190734863,5.25,4.230903148651123
23-08-2019,5.21999979019165,5.21999979019165,14200,5.300000190734863,5.300000190734863,4.27119779586792
26-08-2019,5.159999847412109,5.329999923706055,33800,5.329999923706055,5.320000171661377,4.2873148918151855
27-08-2019,5.170000076293945,5.320000171661377,41200,5.320000171661377,5.170000076293945,4.166431903839111
28-08-2019,5.130000114440918,5.150000095367432,15900,5.340000152587891,5.25,4.230903148651123
29-08-2019,5.159999847412109,5.159999847412109,9900,5.349999904632568,5.179999828338623,4.174490928649902
30-08-2019,5.199999809265137,5.199999809265137,900,5.360000133514404,5.360000133514404,4.319550514221191
03-09-2019,5.309999942779541,5.369999885559082,8400,5.409999847412109,5.409999847412109,4.359844207763672
04-09-2019,5.139999866485596,5.400000095367432,18700,5.400000095367432,5.25,4.230903148651123
05-09-2019,5.210000038146973,5.25,22000,5.400000095367432,5.289999961853027,4.263138771057129
06-09-2019,5.289999961853027,5.400000095367432,8000,5.449999809265137,5.309999942779541,4.2792558670043945
09-09-2019,5.349999904632568,5.349999904632568,15000,5.46999979019165,5.46999979019165,4.408196926116943
10-09-2019,5.340000152587891,5.449999809265137,12200,5.460000038146973,5.340000152587891,4.303432464599609
11-09-2019,5.300000190734863,5.340000152587891,70900,5.429999828338623,5.320000171661377,4.2873148918151855
12-09-2019,5.25,5.289999961853027,35900,5.440000057220459,5.389999866485596,4.410043239593506
13-09-2019,5.239999771118164,5.340000152587891,43900,5.340000152587891,5.260000228881836,4.3036789894104
16-09-2019,5.300000190734863,5.360000133514404,9700,5.380000114440918,5.380000114440918,4.401862144470215
17-09-2019,5.269999980926514,5.340000152587891,8000,5.440000057220459,5.369999885559082,4.393680095672607
18-09-2019,5.25,5.269999980926514,36800,5.409999847412109,5.28000020980835,4.320043087005615
19-09-2019,5.239999771118164,5.239999771118164,44400,5.349999904632568,5.28000020980835,4.320043087005615
20-09-2019,5.239999771118164,5.239999771118164,28800,5.449999809265137,5.449999809265137,4.459134101867676
23-09-2019,5.070000171661377,5.340000152587891,61000,5.440000057220459,5.440000057220459,4.450953006744385
24-09-2019,5.400000095367432,5.46999979019165,19000,5.519999980926514,5.5,4.500044345855713
25-09-2019,5.400000095367432,5.510000228881836,13100,5.570000171661377,5.420000076293945,4.434588432312012
26-09-2019,5.400000095367432,5.420000076293945,22700,5.71999979019165,5.71999979019165,4.680046081542969
27-09-2019,5.650000095367432,5.650000095367432,109000,6.059999942779541,5.880000114440918,4.8109564781188965
30-09-2019,5.760000228881836,5.840000152587891,61700,6.25,6.25,5.1136860847473145
01-10-2019,5.929999828338623,6.25,94400,6.269999980926514,6.050000190734863,4.95004940032959
02-10-2019,5.889999866485596,6.190000057220459,57800,6.190000057220459,5.940000057220459,4.860047817230225
03-10-2019,5.880000114440918,5.989999771118164,28900,6.159999847412109,6.050000190734863,4.95004940032959
04-10-2019,6.019999980926514,6.110000133514404,21300,6.150000095367432,6.139999866485596,5.023685932159424
07-10-2019,6.159999847412109,6.230000019073486,67700,6.460000038146973,6.349999904632568,5.195505619049072
08-10-2019,6.03000020980835,6.389999866485596,90900,6.389999866485596,6.21999979019165,5.089140892028809
09-10-2019,6.210000038146973,6.210000038146973,46500,6.420000076293945,6.400000095367432,5.236414909362793
10-10-2019,6.309999942779541,6.400000095367432,55800,6.449999809265137,6.360000133514404,5.20368766784668
11-10-2019,6.420000076293945,6.420000076293945,20100,6.550000190734863,6.550000190734863,5.3591437339782715
14-10-2019,6.550000190734863,6.590000152587891,48700,6.639999866485596,6.590000152587891,5.391871929168701
15-10-2019,6.440000057220459,6.53000020980835,13300,6.590000152587891,6.46999979019165,5.2936882972717285
16-10-2019,6.309999942779541,6.460000038146973,7900,6.5,6.489999771118164,5.310051918029785
17-10-2019,6.360000133514404,6.489999771118164,19800,6.630000114440918,6.599999904632568,5.400053024291992
18-10-2019,6.429999828338623,6.599999904632568,25300,6.599999904632568,6.53000020980835,5.342779636383057
21-10-2019,6.320000171661377,6.550000190734863,27100,6.550000190734863,6.440000057220459,5.269142150878906
22-10-2019,6.349999904632568,6.449999809265137,11400,6.5,6.5,5.318233966827393
23-10-2019,6.130000114440918,6.440000057220459,69900,6.480000019073486,6.289999961853027,5.146414279937744
24-10-2019,6.25,6.300000190734863,39100,6.349999904632568,6.349999904632568,5.195505619049072
25-10-2019,6.239999771118164,6.300000190734863,21500,6.400000095367432,6.300000190734863,5.154596328735352
28-10-2019,5.630000114440918,6.25,68300,6.349999904632568,5.699999809265137,4.663681983947754
29-10-2019,5.75,5.75,15600,5.929999828338623,5.800000190734863,4.745501518249512
30-10-2019,5.699999809265137,5.840000152587891,91300,5.989999771118164,5.989999771118164,4.900957107543945
31-10-2019,6.0,6.0,129100,6.5,6.170000076293945,5.048232078552246
01-11-2019,6.260000228881836,6.329999923706055,50000,6.519999980926514,6.519999980926514,5.334598064422607
04-11-2019,6.599999904632568,6.619999885559082,122200,7.150000095367432,7.0,5.727329254150391
05-11-2019,7.050000190734863,7.050000190734863,61500,7.289999961853027,7.139999866485596,5.841875076293945
06-11-2019,7.0,7.199999809265137,96000,7.28000020980835,7.139999866485596,5.841875076293945
07-11-2019,6.880000114440918,7.210000038146973,79300,7.210000038146973,6.920000076293945,5.661873817443848
08-11-2019,6.900000095367432,7.0,12600,7.190000057220459,6.989999771118164,5.719147205352783
11-11-2019,6.960000038146973,6.960000038146973,27200,7.239999771118164,7.239999771118164,5.923694610595703
12-11-2019,7.099999904632568,7.210000038146973,98500,7.449999809265137,7.329999923706055,5.997331619262695
13-11-2019,7.309999942779541,7.489999771118164,141500,7.929999828338623,7.610000133514404,6.2264251708984375
14-11-2019,7.25,7.730000019073486,128400,7.940000057220459,7.53000020980835,6.160969257354736
15-11-2019,7.289999961853027,7.570000171661377,55700,7.599999904632568,7.460000038146973,6.103695869445801
18-11-2019,7.099999904632568,7.360000133514404,85500,7.489999771118164,7.320000171661377,5.989150047302246
19-11-2019,7.0,7.349999904632568,200000,7.510000228881836,7.079999923706055,5.792784214019775
20-11-2019,6.519999980926514,7.050000190734863,159600,7.079999923706055,6.570000171661377,5.3755083084106445
21-11-2019,6.460000038146973,6.639999866485596,77500,6.679999828338623,6.650000095367432,5.440962791442871
22-11-2019,6.480000019073486,6.590000152587891,70600,6.920000076293945,6.78000020980835,5.547327518463135
25-11-2019,6.5,6.760000228881836,75000,6.760000228881836,6.590000152587891,5.391871929168701
26-11-2019,6.519999980926514,6.519999980926514,54200,6.659999847412109,6.550000190734863,5.3591437339782715
27-11-2019,6.539999961853027,6.539999961853027,23900,6.650000095367432,6.639999866485596,5.4327802658081055
29-11-2019,6.590000152587891,6.590000152587891,5600,6.71999979019165,6.71999979019165,5.498235702514648
02-12-2019,6.590000152587891,6.739999771118164,16300,6.739999771118164,6.590000152587891,5.391871929168701
03-12-2019,6.53000020980835,6.579999923706055,11200,6.699999809265137,6.650000095367432,5.440962791442871
04-12-2019,6.559999942779541,6.690000057220459,48600,6.730000019073486,6.599999904632568,5.400053024291992
05-12-2019,6.599999904632568,6.639999866485596,46000,6.840000152587891,6.71999979019165,5.498235702514648
06-12-2019,6.659999847412109,6.659999847412109,32900,6.829999923706055,6.760000228881836,5.530963897705078
09-12-2019,6.679999828338623,6.690000057220459,22800,6.840000152587891,6.809999942779541,5.571873188018799
10-12-2019,6.699999809265137,6.860000133514404,48700,6.860000133514404,6.840000152587891,5.596418857574463
11-12-2019,6.670000076293945,6.840000152587891,48700,6.849999904632568,6.730000019073486,5.506417751312256
12-12-2019,6.400000095367432,6.5,82800,6.71999979019165,6.690000057220459,5.755927562713623
13-12-2019,6.449999809265137,6.610000133514404,59900,6.75,6.75,5.807549953460693
16-12-2019,6.460000038146973,6.650000095367432,51400,6.650000095367432,6.460000038146973,5.558040618896484
17-12-2019,6.349999904632568,6.429999828338623,26400,6.480000019073486,6.380000114440918,5.48921012878418
18-12-2019,6.409999847412109,6.449999809265137,7700,6.46999979019165,6.409999847412109,5.515021800994873
19-12-2019,6.320000171661377,6.460000038146973,11100,6.460000038146973,6.369999885559082,5.480606555938721
20-12-2019,6.320000171661377,6.380000114440918,23100,6.449999809265137,6.320000171661377,5.437587738037109
23-12-2019,6.079999923706055,6.25,44500,6.300000190734863,6.110000133514404,5.256908416748047
24-12-2019,5.960000038146973,6.050000190734863,45800,6.099999904632568,6.0,5.162266254425049
26-12-2019,5.989999771118164,5.989999771118164,17900,6.289999961853027,6.289999961853027,5.411776065826416
27-12-2019,6.03000020980835,6.289999961853027,14600,6.289999961853027,6.099999904632568,5.24830436706543
30-12-2019,6.010000228881836,6.050000190734863,50800,6.170000076293945,6.099999904632568,5.24830436706543
31-12-2019,6.110000133514404,6.150000095367432,40300,6.239999771118164,6.150000095367432,5.291323184967041
02-01-2020,6.110000133514404,6.230000019073486,31400,6.230000019073486,6.230000019073486,5.360153675079346
03-01-2020,6.179999828338623,6.239999771118164,35600,6.309999942779541,6.230000019073486,5.360153675079346
06-01-2020,6.179999828338623,6.21999979019165,32900,6.349999904632568,6.329999923706055,5.446191310882568
07-01-2020,6.25,6.28000020980835,10400,6.360000133514404,6.300000190734863,5.420379638671875
08-01-2020,6.260000228881836,6.300000190734863,14200,6.340000152587891,6.309999942779541,5.428983688354492
09-01-2020,6.260000228881836,6.300000190734863,8200,6.340000152587891,6.340000152587891,5.4547953605651855
10-01-2020,6.300000190734863,6.349999904632568,25600,6.349999904632568,6.300000190734863,5.420379638671875
13-01-2020,6.28000020980835,6.309999942779541,16300,6.360000133514404,6.360000133514404,5.472002983093262
14-01-2020,6.289999961853027,6.360000133514404,8300,6.360000133514404,6.289999961853027,5.411776065826416
15-01-2020,6.329999923706055,6.340000152587891,13400,6.5,6.400000095367432,5.506417751312256
16-01-2020,6.449999809265137,6.449999809265137,39200,6.590000152587891,6.449999809265137,5.549436569213867
17-01-2020,6.360000133514404,6.409999847412109,29700,6.53000020980835,6.360000133514404,5.472002983093262
21-01-2020,6.329999923706055,6.360000133514404,22900,6.449999809265137,6.449999809265137,5.549436569213867
22-01-2020,6.360000133514404,6.360000133514404,2500,6.440000057220459,6.389999866485596,5.497814178466797
23-01-2020,6.329999923706055,6.329999923706055,5400,6.429999828338623,6.360000133514404,5.472002983093262
24-01-2020,6.340000152587891,6.369999885559082,7200,6.400000095367432,6.400000095367432,5.506417751312256
27-01-2020,6.340000152587891,6.389999866485596,22000,6.46999979019165,6.420000076293945,5.523626327514648
28-01-2020,6.380000114440918,6.380000114440918,10700,6.429999828338623,6.420000076293945,5.523626327514648
29-01-2020,6.340000152587891,6.380000114440918,12000,6.400000095367432,6.369999885559082,5.480606555938721
30-01-2020,6.260000228881836,6.349999904632568,16700,6.409999847412109,6.389999866485596,5.497814178466797
31-01-2020,6.329999923706055,6.329999923706055,9800,6.409999847412109,6.349999904632568,5.4633989334106445
03-02-2020,6.300000190734863,6.349999904632568,39700,6.400000095367432,6.309999942779541,5.428983688354492
04-02-2020,6.300000190734863,6.300000190734863,7200,6.449999809265137,6.449999809265137,5.549436569213867
05-02-2020,6.269999980926514,6.429999828338623,12400,6.46999979019165,6.369999885559082,5.480606555938721
06-02-2020,6.269999980926514,6.380000114440918,7900,6.440000057220459,6.269999980926514,5.39456844329834
07-02-2020,6.090000152587891,6.269999980926514,8700,6.309999942779541,6.170000076293945,5.308531284332275
10-02-2020,5.949999809265137,6.199999809265137,19700,6.210000038146973,6.110000133514404,5.256908416748047
11-02-2020,6.0,6.170000076293945,26900,6.46999979019165,6.300000190734863,5.420379638671875
12-02-2020,6.320000171661377,6.400000095367432,22700,6.590000152587891,6.579999923706055,5.661285400390625
13-02-2020,6.369999885559082,6.369999885559082,4100,6.579999923706055,6.559999942779541,5.644078254699707
14-02-2020,6.329999923706055,6.579999923706055,15500,6.579999923706055,6.329999923706055,5.446191310882568
18-02-2020,6.400000095367432,6.480000019073486,14400,6.519999980926514,6.400000095367432,5.506417751312256
19-02-2020,6.329999923706055,6.349999904632568,8500,6.46999979019165,6.360000133514404,5.472002983093262
20-02-2020,6.329999923706055,6.340000152587891,7700,6.460000038146973,6.420000076293945,5.523626327514648
21-02-2020,6.340000152587891,6.380000114440918,8800,6.380000114440918,6.369999885559082,5.480606555938721
24-02-2020,6.28000020980835,6.360000133514404,13300,6.360000133514404,6.300000190734863,5.420379638671875
25-02-2020,6.170000076293945,6.300000190734863,11300,6.300000190734863,6.21999979019165,5.3515496253967285
26-02-2020,6.050000190734863,6.190000057220459,16000,6.329999923706055,6.139999866485596,5.28272008895874
27-02-2020,6.059999942779541,6.099999904632568,10400,6.199999809265137,6.139999866485596,5.28272008895874
28-02-2020,6.019999980926514,6.099999904632568,34500,6.179999828338623,6.099999904632568,5.24830436706543
02-03-2020,6.150000095367432,6.150000095367432,12900,6.269999980926514,6.170000076293945,5.308531284332275
03-03-2020,6.050000190734863,6.25,13000,6.260000228881836,6.199999809265137,5.334342002868652
04-03-2020,6.190000057220459,6.190000057220459,3400,6.239999771118164,6.210000038146973,5.342945575714111
05-03-2020,6.110000133514404,6.239999771118164,6800,6.239999771118164,6.21999979019165,5.3515496253967285
06-03-2020,6.019999980926514,6.199999809265137,9200,6.199999809265137,6.059999942779541,5.213889122009277
09-03-2020,5.420000076293945,5.989999771118164,15200,5.989999771118164,5.71999979019165,4.921360969543457
10-03-2020,5.559999942779541,5.78000020980835,14600,5.800000190734863,5.570000171661377,4.792304515838623
11-03-2020,5.400000095367432,5.570000171661377,10400,5.809999942779541,5.400000095367432,4.646039962768555
12-03-2020,4.460000038146973,5.0,27900,5.0,4.840000152587891,4.226848602294922
13-03-2020,4.980000019073486,5.070000171661377,18500,5.960000038146973,5.559999942779541,4.855635643005371
16-03-2020,4.570000171661377,4.880000114440918,23500,5.21999979019165,4.96999979019165,4.340378761291504
17-03-2020,4.550000190734863,5.0,23300,5.199999809265137,5.039999961853027,4.4015116691589355
18-03-2020,4.610000133514404,4.659999847412109,11300,4.960000038146973,4.610000133514404,4.0259857177734375
19-03-2020,4.46999979019165,4.46999979019165,9100,4.889999866485596,4.559999942779541,3.9823200702667236
20-03-2020,4.510000228881836,4.550000190734863,10300,4.789999961853027,4.510000228881836,3.9386541843414307
23-03-2020,4.389999866485596,4.650000095367432,33900,5.119999885559082,4.690000057220459,4.095851421356201
24-03-2020,4.510000228881836,4.880000114440918,26500,5.239999771118164,4.510000228881836,3.9386541843414307
25-03-2020,4.130000114440918,4.730000019073486,46200,4.730000019073486,4.309999942779541,3.763991117477417
26-03-2020,4.349999904632568,4.349999904632568,10700,4.699999809265137,4.630000114440918,4.043451309204102
27-03-2020,4.710000038146973,4.739999771118164,24200,5.199999809265137,4.75,4.148250102996826
30-03-2020,4.75,5.090000152587891,2100,5.090000152587891,4.75,4.148250102996826
31-03-2020,4.570000171661377,4.670000076293945,12100,4.929999828338623,4.78000020980835,4.174449443817139
01-04-2020,4.210000038146973,4.840000152587891,45900,4.929999828338623,4.579999923706055,3.999786138534546
02-04-2020,4.449999809265137,4.489999771118164,5900,4.599999904632568,4.460000038146973,3.8949882984161377
03-04-2020,4.420000076293945,4.590000152587891,4600,4.590000152587891,4.5,3.9299211502075195
06-04-2020,4.369999885559082,4.480000019073486,28100,4.690000057220459,4.519999980926514,3.947387218475342
07-04-2020,4.400000095367432,4.630000114440918,12900,4.699999809265137,4.699999809265137,4.104584217071533
08-04-2020,4.409999847412109,4.78000020980835,26200,4.849999904632568,4.559999942779541,3.9823200702667236
09-04-2020,4.21999979019165,4.630000114440918,105600,4.630000114440918,4.440000057220459,3.8775222301483154
13-04-2020,4.400000095367432,4.440000057220459,13800,4.510000228881836,4.460000038146973,3.8949882984161377
14-04-2020,4.21999979019165,4.510000228881836,30900,4.610000133514404,4.460000038146973,3.8949882984161377
15-04-2020,4.260000228881836,4.360000133514404,26600,4.460000038146973,4.269999980926514,3.7290585041046143
16-04-2020,4.130000114440918,4.300000190734863,70600,4.389999866485596,4.210000038146973,3.676659345626831
17-04-2020,4.230000019073486,4.349999904632568,38900,4.46999979019165,4.260000228881836,3.720325231552124
20-04-2020,4.179999828338623,4.369999885559082,34200,4.440000057220459,4.309999942779541,3.763991117477417
21-04-2020,4.190000057220459,4.300000190734863,12700,4.349999904632568,4.199999809265137,3.667926073074341
22-04-2020,4.300000190734863,4.329999923706055,49700,4.46999979019165,4.320000171661377,3.772724151611328
23-04-2020,4.389999866485596,4.440000057220459,21600,4.670000076293945,4.550000190734863,3.9735875129699707
24-04-2020,4.5,4.559999942779541,12000,4.659999847412109,4.619999885559082,4.0347185134887695
27-04-2020,4.610000133514404,4.610000133514404,15400,4.900000095367432,4.699999809265137,4.104584217071533
28-04-2020,4.699999809265137,4.760000228881836,14600,4.789999961853027,4.699999809265137,4.104584217071533
29-04-2020,4.760000228881836,4.789999961853027,17600,4.920000076293945,4.900000095367432,4.279247283935547
30-04-2020,4.889999866485596,4.949999809265137,6400,4.96999979019165,4.96999979019165,4.340378761291504
01-05-2020,4.75,4.96999979019165,10300,4.96999979019165,4.800000190734863,4.191915512084961
04-05-2020,4.659999847412109,4.739999771118164,4900,4.929999828338623,4.820000171661377,4.209382057189941
05-05-2020,4.75,4.820000171661377,11500,4.920000076293945,4.849999904632568,4.235581398010254
06-05-2020,4.679999828338623,4.909999847412109,3400,4.909999847412109,4.679999828338623,4.087117671966553
07-05-2020,4.75,4.75,6600,4.929999828338623,4.929999828338623,4.305446624755859
08-05-2020,4.800000190734863,4.960000038146973,23500,5.03000020980835,4.880000114440918,4.261780261993408
11-05-2020,4.860000133514404,4.909999847412109,28600,5.329999923706055,5.010000228881836,4.375312328338623
12-05-2020,4.860000133514404,5.0,17400,5.0,4.929999828338623,4.305446624755859
13-05-2020,4.699999809265137,4.900000095367432,10300,4.900000095367432,4.730000019073486,4.130783557891846
14-05-2020,4.510000228881836,4.71999979019165,46600,4.71999979019165,4.590000152587891,4.008519649505615
15-05-2020,4.519999980926514,4.519999980926514,25300,4.690000057220459,4.550000190734863,3.9735875129699707
18-05-2020,4.599999904632568,4.599999904632568,23200,4.789999961853027,4.75,4.148250102996826
19-05-2020,4.579999923706055,4.730000019073486,15700,4.800000190734863,4.590000152587891,4.008519649505615
20-05-2020,4.570000171661377,4.679999828338623,16200,4.71999979019165,4.639999866485596,4.052185535430908
21-05-2020,4.550000190734863,4.690000057220459,15000,4.739999771118164,4.659999847412109,4.0696516036987305
22-05-2020,4.670000076293945,4.699999809265137,12500,4.760000228881836,4.760000228881836,4.156983375549316
26-05-2020,4.760000228881836,4.789999961853027,25300,4.929999828338623,4.900000095367432,4.279247283935547
27-05-2020,4.849999904632568,4.849999904632568,14800,4.960000038146973,4.960000038146973,4.33164644241333
28-05-2020,4.809999942779541,4.949999809265137,12700,5.0,4.809999942779541,4.200648784637451
29-05-2020,4.809999942779541,4.809999942779541,10700,5.03000020980835,4.900000095367432,4.279247283935547
01-06-2020,4.889999866485596,4.940000057220459,12200,5.039999961853027,5.019999980926514,4.384045124053955
02-06-2020,4.96999979019165,5.070000171661377,30100,5.519999980926514,5.329999923706055,4.654772758483887
03-06-2020,5.110000133514404,5.289999961853027,19700,5.329999923706055,5.110000133514404,4.462643623352051
04-06-2020,5.139999866485596,5.139999866485596,12000,5.320000171661377,5.300000190734863,4.628573894500732
05-06-2020,5.159999847412109,5.25,11100,5.360000133514404,5.159999847412109,4.506308555603027
08-06-2020,5.079999923706055,5.170000076293945,20200,5.269999980926514,5.199999809265137,4.5412421226501465
09-06-2020,5.039999961853027,5.199999809265137,19300,5.28000020980835,5.21999979019165,4.558708190917969
10-06-2020,4.820000171661377,5.28000020980835,77500,5.28000020980835,4.920000076293945,4.296713829040527
11-06-2020,4.800000190734863,4.809999942779541,22700,4.980000019073486,4.829999923706055,4.218114852905273
12-06-2020,4.909999847412109,4.920000076293945,15400,5.079999923706055,5.059999942779541,4.418977737426758
15-06-2020,4.889999866485596,4.909999847412109,17400,5.079999923706055,4.900000095367432,4.279247283935547
16-06-2020,4.909999847412109,4.909999847412109,22400,5.039999961853027,5.0,4.366579055786133
17-06-2020,4.940000057220459,5.0,13700,5.039999961853027,4.940000057220459,4.314180374145508
18-06-2020,4.940000057220459,4.940000057220459,18800,5.070000171661377,5.050000190734863,4.410244941711426
19-06-2020,5.0,5.050000190734863,11900,5.139999866485596,5.139999866485596,4.488842487335205
22-06-2020,4.880000114440918,5.03000020980835,29000,5.039999961853027,4.889999866485596,4.270514011383057
23-06-2020,4.880000114440918,4.880000114440918,22600,4.949999809265137,4.929999828338623,4.305446624755859
24-06-2020,4.869999885559082,4.929999828338623,14900,4.940000057220459,4.869999885559082,4.253047466278076
25-06-2020,4.650000095367432,4.869999885559082,35200,4.869999885559082,4.78000020980835,4.174449443817139
26-06-2020,4.659999847412109,4.71999979019165,24800,4.949999809265137,4.949999809265137,4.32291316986084
29-06-2020,4.789999961853027,4.869999885559082,17400,4.960000038146973,4.909999847412109,4.287980079650879
30-06-2020,4.840000152587891,4.909999847412109,12000,4.909999847412109,4.909999847412109,4.287980079650879
01-07-2020,4.820000171661377,4.889999866485596,10400,4.909999847412109,4.909999847412109,4.287980079650879
02-07-2020,4.860000133514404,4.980000019073486,6000,4.980000019073486,4.960000038146973,4.33164644241333
06-07-2020,4.809999942779541,4.960000038146973,21200,4.980000019073486,4.840000152587891,4.226848602294922
07-07-2020,4.75,4.820000171661377,37100,4.940000057220459,4.769999980926514,4.165716171264648
08-07-2020,4.659999847412109,4.75,28400,4.769999980926514,4.659999847412109,4.0696516036987305
09-07-2020,4.599999904632568,4.730000019073486,13600,4.75,4.670000076293945,4.078384876251221
10-07-2020,4.579999923706055,4.619999885559082,25300,4.739999771118164,4.610000133514404,4.0259857177734375
13-07-2020,4.599999904632568,4.610000133514404,13600,4.78000020980835,4.599999904632568,4.017252445220947
14-07-2020,4.599999904632568,4.679999828338623,19400,4.679999828338623,4.639999866485596,4.052185535430908
15-07-2020,4.639999866485596,4.849999904632568,30200,4.849999904632568,4.710000038146973,4.113317012786865
16-07-2020,4.639999866485596,4.639999866485596,18000,4.909999847412109,4.690000057220459,4.095851421356201
17-07-2020,4.639999866485596,4.710000038146973,9300,4.769999980926514,4.670000076293945,4.078384876251221
20-07-2020,4.639999866485596,4.639999866485596,19000,4.699999809265137,4.639999866485596,4.052185535430908
21-07-2020,4.610000133514404,4.610000133514404,15900,4.75,4.630000114440918,4.043451309204102
22-07-2020,4.590000152587891,4.599999904632568,20100,4.630000114440918,4.619999885559082,4.0347185134887695
23-07-2020,4.590000152587891,4.590000152587891,11000,4.699999809265137,4.659999847412109,4.0696516036987305
24-07-2020,4.679999828338623,4.679999828338623,18400,4.829999923706055,4.699999809265137,4.104584217071533
27-07-2020,4.659999847412109,4.699999809265137,11400,4.800000190734863,4.710000038146973,4.113317012786865
28-07-2020,4.739999771118164,4.800000190734863,14500,4.800000190734863,4.78000020980835,4.174449443817139
29-07-2020,4.71999979019165,4.75,14200,4.789999961853027,4.78000020980835,4.174449443817139
30-07-2020,4.690000057220459,4.699999809265137,12700,4.800000190734863,4.769999980926514,4.165716171264648
31-07-2020,4.690000057220459,4.690000057220459,2800,4.840000152587891,4.690000057220459,4.095851421356201
03-08-2020,4.610000133514404,4.610000133514404,27600,4.78000020980835,4.78000020980835,4.174449443817139
04-08-2020,4.670000076293945,4.800000190734863,10200,4.800000190734863,4.769999980926514,4.165716171264648
05-08-2020,4.730000019073486,4.739999771118164,7400,4.789999961853027,4.78000020980835,4.174449443817139
06-08-2020,4.679999828338623,4.71999979019165,9400,4.78000020980835,4.690000057220459,4.095851421356201
07-08-2020,4.619999885559082,4.659999847412109,3200,4.800000190734863,4.800000190734863,4.191915512084961
10-08-2020,4.699999809265137,4.789999961853027,4100,4.800000190734863,4.789999961853027,4.183182716369629
11-08-2020,4.75,4.800000190734863,35400,4.940000057220459,4.909999847412109,4.287980079650879
12-08-2020,5.380000114440918,5.400000095367432,164700,5.949999809265137,5.789999961853027,5.0564985275268555
13-08-2020,5.610000133514404,5.789999961853027,56600,5.949999809265137,5.820000171661377,5.082698345184326
14-08-2020,5.670000076293945,5.769999980926514,24500,5.849999904632568,5.75,5.0215654373168945
17-08-2020,5.650000095367432,5.860000133514404,16200,5.860000133514404,5.739999771118164,5.012832164764404
18-08-2020,5.650000095367432,5.760000228881836,15100,5.840000152587891,5.650000095367432,4.934234142303467
19-08-2020,5.619999885559082,5.659999847412109,22500,5.75,5.71999979019165,4.995366096496582
20-08-2020,5.630000114440918,5.760000228881836,12600,5.769999980926514,5.75,5.0215654373168945
21-08-2020,5.650000095367432,5.75,4600,5.75,5.670000076293945,4.951700687408447
24-08-2020,5.659999847412109,5.71999979019165,37700,5.829999923706055,5.800000190734863,5.065232276916504
25-08-2020,5.739999771118164,5.800000190734863,32200,5.989999771118164,5.75,5.0215654373168945
26-08-2020,5.659999847412109,5.860000133514404,24500,6.03000020980835,6.03000020980835,5.266094207763672
27-08-2020,5.849999904632568,6.03000020980835,31900,6.090000152587891,5.949999809265137,5.196228504180908
28-08-2020,5.940000057220459,6.059999942779541,7300,6.059999942779541,6.0,5.239894390106201
31-08-2020,5.960000038146973,6.079999923706055,66000,6.269999980926514,5.980000019073486,5.222428321838379
01-09-2020,5.920000076293945,5.949999809265137,10900,6.0,5.989999771118164,5.231161117553711
02-09-2020,5.829999923706055,5.949999809265137,14200,6.039999961853027,5.889999866485596,5.143829822540283
03-09-2020,5.829999923706055,5.96999979019165,29300,6.019999980926514,5.829999923706055,5.091431140899658
04-09-2020,5.650000095367432,5.909999847412109,14900,5.949999809265137,5.880000114440918,5.135097503662109
08-09-2020,5.670000076293945,5.78000020980835,27200,5.800000190734863,5.760000228881836,5.030298233032227
09-09-2020,5.659999847412109,5.809999942779541,32500,5.829999923706055,5.730000019073486,5.004099369049072
10-09-2020,5.639999866485596,5.820000171661377,30500,5.929999828338623,5.690000057220459,5.039526462554932
11-09-2020,5.599999904632568,5.78000020980835,45800,5.840000152587891,5.650000095367432,5.004099369049072
14-09-2020,5.650000095367432,5.710000038146973,27900,5.800000190734863,5.659999847412109,5.012956142425537
15-09-2020,5.599999904632568,5.730000019073486,31700,5.789999961853027,5.679999828338623,5.030669689178467
16-09-2020,5.599999904632568,5.739999771118164,24400,5.800000190734863,5.639999866485596,4.995242595672607
17-09-2020,5.599999904632568,5.739999771118164,14800,5.739999771118164,5.659999847412109,5.012956142425537
18-09-2020,5.579999923706055,5.679999828338623,33600,5.78000020980835,5.71999979019165,5.066096782684326
21-09-2020,5.53000020980835,5.699999809265137,12200,5.699999809265137,5.590000152587891,4.950958251953125
22-09-2020,5.019999980926514,5.519999980926514,32200,5.559999942779541,5.5,4.871247291564941
23-09-2020,5.5,5.559999942779541,8800,5.659999847412109,5.539999961853027,4.906674385070801
24-09-2020,5.570000171661377,5.599999904632568,6900,5.650000095367432,5.590000152587891,4.950958251953125
25-09-2020,5.460000038146973,5.590000152587891,5100,5.599999904632568,5.510000228881836,4.8801045417785645
28-09-2020,5.519999980926514,5.539999961853027,3300,5.650000095367432,5.559999942779541,4.924388408660889
29-09-2020,5.489999771118164,5.559999942779541,12400,5.690000057220459,5.659999847412109,5.012956142425537
30-09-2020,5.579999923706055,5.579999923706055,4000,5.679999828338623,5.650000095367432,5.004099369049072
01-10-2020,5.599999904632568,5.610000133514404,7200,5.71999979019165,5.71999979019165,5.066096782684326
02-10-2020,5.619999885559082,5.71999979019165,21400,5.71999979019165,5.699999809265137,5.0483832359313965
05-10-2020,5.650000095367432,5.670000076293945,8900,5.739999771118164,5.710000038146973,5.057240009307861
06-10-2020,5.650000095367432,5.699999809265137,4500,5.739999771118164,5.650000095367432,5.004099369049072
07-10-2020,5.639999866485596,5.650000095367432,8500,5.739999771118164,5.739999771118164,5.083810806274414
08-10-2020,5.679999828338623,5.679999828338623,7700,5.78000020980835,5.769999980926514,5.110381603240967
09-10-2020,5.659999847412109,5.78000020980835,8000,5.78000020980835,5.760000228881836,5.101524353027344
12-10-2020,5.760000228881836,5.760000228881836,65000,5.96999979019165,5.880000114440918,5.207806587219238
13-10-2020,5.800000190734863,5.889999866485596,9200,5.949999809265137,5.940000057220459,5.260947227478027
14-10-2020,5.760000228881836,5.760000228881836,8000,5.920000076293945,5.840000152587891,5.172379016876221
15-10-2020,5.670000076293945,5.75,17000,5.860000133514404,5.769999980926514,5.110381603240967
16-10-2020,5.670000076293945,5.670000076293945,10100,5.880000114440918,5.829999923706055,5.163522243499756
19-10-2020,5.769999980926514,5.849999904632568,3000,5.849999904632568,5.820000171661377,5.154664993286133
20-10-2020,5.78000020980835,5.800000190734863,14800,5.929999828338623,5.929999828338623,5.252089977264404
21-10-2020,5.860000133514404,5.860000133514404,5700,5.940000057220459,5.929999828338623,5.252089977264404
22-10-2020,5.800000190734863,5.900000095367432,10200,5.900000095367432,5.869999885559082,5.198949337005615
23-10-2020,5.809999942779541,5.809999942779541,2600,5.909999847412109,5.869999885559082,5.198949337005615
26-10-2020,5.730000019073486,5.739999771118164,14600,5.869999885559082,5.809999942779541,5.145808219909668
27-10-2020,5.800000190734863,5.800000190734863,7500,5.889999866485596,5.880000114440918,5.207806587219238
28-10-2020,5.690000057220459,5.71999979019165,11000,5.889999866485596,5.820000171661377,5.154664993286133
29-10-2020,5.78000020980835,5.840000152587891,1000,5.840000152587891,5.78000020980835,5.119238376617432
30-10-2020,5.690000057220459,5.690000057220459,3000,5.78000020980835,5.769999980926514,5.110381603240967
02-11-2020,5.769999980926514,5.769999980926514,5800,5.869999885559082,5.840000152587891,5.172379016876221
03-11-2020,5.75,5.769999980926514,14000,5.889999866485596,5.889999866485596,5.216662883758545
04-11-2020,5.78000020980835,5.900000095367432,6300,5.900000095367432,5.829999923706055,5.163522243499756
05-11-2020,5.800000190734863,5.880000114440918,7200,5.880000114440918,5.860000133514404,5.19009256362915
06-11-2020,5.840000152587891,5.849999904632568,24800,5.889999866485596,5.849999904632568,5.1812357902526855
09-11-2020,5.849999904632568,5.849999904632568,25800,6.0,6.0,5.314088344573975
10-11-2020,5.940000057220459,6.079999923706055,76400,6.159999847412109,6.03000020980835,5.340658187866211
11-11-2020,6.679999828338623,6.889999866485596,316100,7.489999771118164,6.949999809265137,6.155485153198242
12-11-2020,6.869999885559082,6.869999885559082,59300,7.110000133514404,6.940000057220459,6.146628379821777
13-11-2020,6.909999847412109,6.989999771118164,58100,7.150000095367432,7.0,6.199769020080566
16-11-2020,7.019999980926514,7.050000190734863,28500,7.150000095367432,7.059999942779541,6.252910614013672
17-11-2020,7.019999980926514,7.110000133514404,46700,7.360000133514404,7.179999828338623,6.35919189453125
18-11-2020,7.099999904632568,7.320000171661377,20500,7.320000171661377,7.150000095367432,6.3326215744018555
19-11-2020,7.170000076293945,7.210000038146973,33700,7.5,7.5,6.6426100730896
20-11-2020,7.400000095367432,7.5,25000,7.5,7.480000019073486,6.62489652633667
23-11-2020,7.480000019073486,7.570000171661377,22800,7.570000171661377,7.489999771118164,6.633752822875977
24-11-2020,7.489999771118164,7.489999771118164,38300,7.619999885559082,7.599999904632568,6.731177806854248
25-11-2020,7.480000019073486,7.619999885559082,16000,7.659999847412109,7.480000019073486,6.62489652633667
27-11-2020,7.489999771118164,7.489999771118164,36800,7.639999866485596,7.550000190734863,6.686894416809082
30-11-2020,7.550000190734863,7.579999923706055,38900,7.889999866485596,7.730000019073486,6.846316814422607
01-12-2020,7.75,7.880000114440918,27300,7.980000019073486,7.78000020980835,6.890600681304932
02-12-2020,7.769999980926514,7.869999885559082,34100,7.929999828338623,7.809999942779541,6.917171001434326
03-12-2020,7.75,7.78000020980835,41500,7.929999828338623,7.789999961853027,6.899456977844238
04-12-2020,7.730000019073486,7.860000133514404,38700,7.900000095367432,7.869999885559082,6.970311641693115
07-12-2020,7.860000133514404,7.889999866485596,60800,8.069999694824219,8.0,7.085450649261475
08-12-2020,8.020000457763672,8.020000457763672,43300,8.1899995803833,8.039999961853027,7.120877742767334
09-12-2020,8.020000457763672,8.0600004196167,41400,8.170000076293945,8.0600004196167,7.138591766357422
10-12-2020,7.110000133514404,7.809999942779541,83600,7.809999942779541,7.21999979019165,6.6676106452941895
11-12-2020,6.949999809265137,7.170000076293945,57700,7.230000019073486,7.110000133514404,6.56602668762207
14-12-2020,6.829999923706055,7.179999828338623,31000,7.349999904632568,6.889999866485596,6.362857818603516
15-12-2020,6.900000095367432,6.900000095367432,20100,7.050000190734863,7.039999961853027,6.501381874084473
16-12-2020,6.900000095367432,7.110000133514404,18100,7.159999847412109,6.940000057220459,6.409032821655273
17-12-2020,7.010000228881836,7.010000228881836,18900,7.210000038146973,7.079999923706055,6.538321018218994
18-12-2020,6.820000171661377,7.079999923706055,31900,7.260000228881836,6.820000171661377,6.298213958740234
21-12-2020,6.75,6.800000190734863,32500,7.059999942779541,6.920000076293945,6.390563011169434
22-12-2020,6.889999866485596,6.889999866485596,16500,7.130000114440918,7.130000114440918,6.58449649810791
23-12-2020,7.070000171661377,7.139999866485596,6700,7.139999866485596,7.099999904632568,6.556791305541992
24-12-2020,7.070000171661377,7.170000076293945,9400,7.170000076293945,7.150000095367432,6.60296630859375
28-12-2020,7.019999980926514,7.090000152587891,17100,7.099999904632568,7.050000190734863,6.510616779327393
29-12-2020,7.010000228881836,7.099999904632568,25500,7.139999866485596,7.059999942779541,6.5198516845703125
30-12-2020,7.03000020980835,7.090000152587891,26700,7.329999923706055,7.239999771118164,6.686079978942871
31-12-2020,7.139999866485596,7.289999961853027,25400,7.300000190734863,7.199999809265137,6.649140357971191
04-01-2021,7.039999961853027,7.25,17800,7.25,7.110000133514404,6.56602668762207
05-01-2021,7.150000095367432,7.159999847412109,21300,7.289999961853027,7.269999980926514,6.713784694671631
06-01-2021,7.28000020980835,7.289999961853027,14100,7.429999828338623,7.389999866485596,6.824604034423828
07-01-2021,7.349999904632568,7.440000057220459,16600,7.5,7.460000038146973,6.889248371124268
08-01-2021,7.389999866485596,7.460000038146973,15300,7.5,7.400000095367432,6.833839416503906
11-01-2021,7.260000228881836,7.400000095367432,25600,7.449999809265137,7.289999961853027,6.732254981994629
12-01-2021,7.25,7.260000228881836,13300,7.360000133514404,7.329999923706055,6.76919412612915
13-01-2021,7.269999980926514,7.349999904632568,10800,7.349999904632568,7.269999980926514,6.713784694671631
14-01-2021,7.159999847412109,7.199999809265137,30400,7.309999942779541,7.300000190734863,6.741490364074707
15-01-2021,7.190000057220459,7.190000057220459,18600,7.329999923706055,7.28000020980835,6.723020076751709
19-01-2021,7.210000038146973,7.28000020980835,34300,7.320000171661377,7.25,6.695314884185791
20-01-2021,7.230000019073486,7.309999942779541,36800,7.5,7.489999771118164,6.916953086853027
21-01-2021,7.440000057220459,7.5,21000,7.5,7.440000057220459,6.870778560638428
22-01-2021,7.389999866485596,7.46999979019165,44000,7.590000152587891,7.590000152587891,7.009302616119385
25-01-2021,7.550000190734863,7.550000190734863,22900,7.800000190734863,7.78000020980835,7.1847662925720215
26-01-2021,7.699999809265137,7.809999942779541,13200,7.869999885559082,7.71999979019165,7.1293559074401855
27-01-2021,7.679999828338623,7.710000038146973,4600,7.730000019073486,7.679999828338623,7.092416763305664
28-01-2021,7.599999904632568,7.679999828338623,21400,7.739999771118164,7.610000133514404,7.027771949768066
29-01-2021,7.510000228881836,7.659999847412109,25000,7.659999847412109,7.610000133514404,7.027771949768066
01-02-2021,7.599999904632568,7.699999809265137,13700,7.78000020980835,7.699999809265137,7.110886096954346
02-02-2021,7.739999771118164,7.769999980926514,23300,7.96999979019165,7.96999979019165,7.3602294921875
03-02-2021,7.829999923706055,8.0,13600,8.0,7.880000114440918,7.277115345001221
04-02-2021,7.889999866485596,7.989999771118164,32600,8.0,7.920000076293945,7.314054489135742
05-02-2021,7.929999828338623,7.980000019073486,21600,8.029999732971191,8.010000228881836,7.39716911315918
08-02-2021,7.920000076293945,8.0,28300,8.09000015258789,8.010000228881836,7.39716911315918
09-02-2021,7.820000171661377,8.029999732971191,40100,8.0600004196167,7.960000038146973,7.35099458694458
10-02-2021,7.860000133514404,7.929999828338623,72800,7.96999979019165,7.929999828338623,7.323289394378662
11-02-2021,7.699999809265137,7.989999771118164,44800,7.989999771118164,7.699999809265137,7.110886096954346
12-02-2021,7.539999961853027,7.730000019073486,31600,7.820000171661377,7.769999980926514,7.175530910491943
16-02-2021,7.75,7.75,32500,7.869999885559082,7.869999885559082,7.267879962921143
17-02-2021,7.679999828338623,7.75,18100,7.769999980926514,7.690000057220459,7.101651668548584
18-02-2021,7.599999904632568,7.659999847412109,40800,7.659999847412109,7.599999904632568,7.018537521362305
19-02-2021,7.570000171661377,7.570000171661377,73500,7.639999866485596,7.599999904632568,7.018537521362305
22-02-2021,7.539999961853027,7.659999847412109,42600,7.659999847412109,7.599999904632568,7.018537521362305
23-02-2021,7.5,7.599999904632568,18800,7.670000076293945,7.659999847412109,7.073946475982666
24-02-2021,7.590000152587891,7.610000133514404,7900,7.699999809265137,7.690000057220459,7.101651668548584
25-02-2021,7.610000133514404,7.650000095367432,14900,7.71999979019165,7.650000095367432,7.064712047576904
26-02-2021,7.599999904632568,7.650000095367432,6900,7.710000038146973,7.630000114440918,7.0462422370910645
01-03-2021,7.599999904632568,7.75,9600,7.75,7.639999866485596,7.055477142333984
02-03-2021,7.619999885559082,7.690000057220459,9200,7.699999809265137,7.699999809265137,7.110886096954346
03-03-2021,7.679999828338623,7.699999809265137,9900,7.840000152587891,7.78000020980835,7.1847662925720215
04-03-2021,7.699999809265137,7.800000190734863,51800,7.920000076293945,7.769999980926514,7.175530910491943
05-03-2021,7.670000076293945,7.860000133514404,27900,7.860000133514404,7.809999942779541,7.212470531463623
08-03-2021,7.71999979019165,7.880000114440918,23500,7.960000038146973,7.889999866485596,7.286349773406982
09-03-2021,7.880000114440918,7.920000076293945,10600,7.929999828338623,7.889999866485596,7.286349773406982
10-03-2021,7.820000171661377,7.869999885559082,56200,8.399999618530273,8.399999618530273,7.757329940795898
11-03-2021,8.050000190734863,8.34000015258789,27300,8.34000015258789,8.079999923706055,7.533561706542969
12-03-2021,8.0,8.050000190734863,22600,8.149999618530273,8.0600004196167,7.514914512634277
15-03-2021,7.829999923706055,8.050000190734863,26000,8.050000190734863,7.869999885559082,7.33776330947876
16-03-2021,7.71999979019165,7.789999961853027,51000,7.789999961853027,7.75,7.225879192352295
17-03-2021,7.75,7.769999980926514,31100,7.889999866485596,7.800000190734863,7.272497653961182
18-03-2021,7.760000228881836,7.809999942779541,35900,7.900000095367432,7.829999923706055,7.300468921661377
19-03-2021,7.710000038146973,7.789999961853027,16000,7.900000095367432,7.900000095367432,7.365735054016113
22-03-2021,7.800000190734863,7.909999847412109,21400,8.039999961853027,7.869999885559082,7.33776330947876
23-03-2021,7.71999979019165,7.78000020980835,46100,7.909999847412109,7.840000152587891,7.309792518615723
24-03-2021,7.699999809265137,7.78000020980835,25500,7.900000095367432,7.860000133514404,7.328440189361572
25-03-2021,7.699999809265137,7.869999885559082,20700,7.980000019073486,7.880000114440918,7.347087383270264
26-03-2021,7.650000095367432,7.869999885559082,21200,7.900000095367432,7.679999828338623,7.160613059997559
29-03-2021,7.619999885559082,7.679999828338623,10800,7.769999980926514,7.630000114440918,7.113994598388672
30-03-2021,7.610000133514404,7.619999885559082,8800,7.659999847412109,7.659999847412109,7.141965389251709
31-03-2021,7.650000095367432,7.699999809265137,18500,7.800000190734863,7.730000019073486,7.207231521606445
01-04-2021,7.670000076293945,7.739999771118164,11400,7.800000190734863,7.75,7.225879192352295
05-04-2021,7.659999847412109,7.699999809265137,14700,7.78000020980835,7.75,7.225879192352295
06-04-2021,7.699999809265137,7.78000020980835,19800,7.909999847412109,7.829999923706055,7.300468921661377
07-04-2021,7.760000228881836,7.809999942779541,13400,7.880000114440918,7.769999980926514,7.244526386260986
08-04-2021,7.710000038146973,7.769999980926514,9800,7.869999885559082,7.71999979019165,7.197907447814941
09-04-2021,7.690000057220459,7.909999847412109,14700,7.909999847412109,7.75,7.225879192352295
12-04-2021,7.679999828338623,7.820000171661377,15200,7.820000171661377,7.75,7.225879192352295
13-04-2021,7.679999828338623,7.760000228881836,4900,7.78000020980835,7.730000019073486,7.207231521606445
14-04-2021,7.690000057220459,7.699999809265137,7200,7.730000019073486,7.699999809265137,7.17926025390625
15-04-2021,7.670000076293945,7.679999828338623,8000,7.690000057220459,7.679999828338623,7.160613059997559
16-04-2021,7.550000190734863,7.650000095367432,18600,7.75,7.730000019073486,7.207231521606445
19-04-2021,7.710000038146973,7.78000020980835,8400,7.78000020980835,7.730000019073486,7.207231521606445
20-04-2021,7.630000114440918,7.679999828338623,6200,7.769999980926514,7.710000038146973,7.188584327697754
21-04-2021,7.710000038146973,7.71999979019165,15800,7.789999961853027,7.789999961853027,7.263174057006836
22-04-2021,7.650000095367432,7.820000171661377,14100,7.820000171661377,7.760000228881836,7.235202789306641
23-04-2021,7.650000095367432,7.760000228881836,15700,7.869999885559082,7.789999961853027,7.263174057006836
26-04-2021,7.71999979019165,7.840000152587891,9500,7.840000152587891,7.730000019073486,7.207231521606445
27-04-2021,7.710000038146973,7.769999980926514,13200,7.789999961853027,7.75,7.225879192352295
28-04-2021,7.71999979019165,7.789999961853027,4300,7.800000190734863,7.730000019073486,7.207231521606445
29-04-2021,7.71999979019165,7.739999771118164,7000,7.78000020980835,7.769999980926514,7.244526386260986
30-04-2021,7.659999847412109,7.71999979019165,15200,7.78000020980835,7.699999809265137,7.17926025390625
03-05-2021,7.679999828338623,7.710000038146973,33700,7.769999980926514,7.75,7.225879192352295
04-05-2021,7.710000038146973,7.710000038146973,10800,7.789999961853027,7.769999980926514,7.244526386260986
05-05-2021,7.75,7.75,8900,7.800000190734863,7.769999980926514,7.244526386260986
06-05-2021,7.699999809265137,7.730000019073486,14600,7.78000020980835,7.75,7.225879192352295
07-05-2021,7.710000038146973,7.840000152587891,30500,7.840000152587891,7.840000152587891,7.309792518615723
10-05-2021,7.75,7.829999923706055,16700,7.860000133514404,7.809999942779541,7.281821250915527
11-05-2021,7.679999828338623,7.710000038146973,34800,7.809999942779541,7.760000228881836,7.235202789306641
12-05-2021,7.71999979019165,7.71999979019165,7700,7.760000228881836,7.71999979019165,7.197907447814941
13-05-2021,7.670000076293945,7.670000076293945,21100,7.75,7.730000019073486,7.207231521606445
14-05-2021,7.71999979019165,7.71999979019165,15700,7.809999942779541,7.769999980926514,7.244526386260986
17-05-2021,7.75,7.78000020980835,12900,7.820000171661377,7.75,7.225879192352295
18-05-2021,7.699999809265137,7.699999809265137,7600,7.800000190734863,7.75,7.225879192352295
19-05-2021,7.75,7.75,29100,7.820000171661377,7.78000020980835,7.25385046005249
20-05-2021,7.730000019073486,7.75,17200,7.800000190734863,7.75,7.225879192352295
21-05-2021,7.730000019073486,7.809999942779541,20000,7.829999923706055,7.760000228881836,7.235202789306641
24-05-2021,7.699999809265137,7.75,16500,7.78000020980835,7.699999809265137,7.17926025390625
25-05-2021,7.690000057220459,7.760000228881836,16600,7.760000228881836,7.710000038146973,7.188584327697754
26-05-2021,7.679999828338623,7.769999980926514,8700,7.769999980926514,7.690000057220459,7.169936656951904
27-05-2021,7.679999828338623,7.75,9700,7.760000228881836,7.679999828338623,7.160613059997559
28-05-2021,7.659999847412109,7.659999847412109,6900,7.760000228881836,7.75,7.225879192352295
01-06-2021,7.75,7.78000020980835,31000,7.840000152587891,7.829999923706055,7.300468921661377
02-06-2021,7.800000190734863,7.800000190734863,22300,7.929999828338623,7.929999828338623,7.39370584487915
03-06-2021,7.840000152587891,7.949999809265137,70700,8.029999732971191,8.020000457763672,7.477619647979736
04-06-2021,7.940000057220459,8.0,26100,8.010000228881836,7.980000019073486,7.440324783325195
07-06-2021,7.980000019073486,8.010000228881836,60400,8.199999809265137,8.199999809265137,7.645445823669434
08-06-2021,8.199999809265137,8.239999771118164,17900,8.25,8.239999771118164,7.682740688323975
09-06-2021,7.860000133514404,8.1899995803833,59400,8.199999809265137,7.980000019073486,7.440324783325195
10-06-2021,7.699999809265137,8.020000457763672,47700,8.020000457763672,7.800000190734863,7.3461432456970215
11-06-2021,7.510000228881836,7.510000228881836,34900,7.78000020980835,7.739999771118164,7.2896342277526855
14-06-2021,7.659999847412109,7.739999771118164,34500,7.840000152587891,7.789999961853027,7.336725234985352
15-06-2021,7.650000095367432,7.650000095367432,5400,7.789999961853027,7.789999961853027,7.336725234985352
16-06-2021,7.75,7.769999980926514,9900,7.789999961853027,7.75,7.299052715301514
17-06-2021,7.659999847412109,7.760000228881836,5000,7.760000228881836,7.679999828338623,7.233125686645508
18-06-2021,7.599999904632568,7.599999904632568,23900,7.739999771118164,7.739999771118164,7.2896342277526855
21-06-2021,7.670000076293945,7.710000038146973,13400,7.760000228881836,7.71999979019165,7.2707977294921875
22-06-2021,7.679999828338623,7.690000057220459,24800,7.800000190734863,7.789999961853027,7.336725234985352
23-06-2021,7.679999828338623,7.730000019073486,17700,7.78000020980835,7.75,7.299052715301514
24-06-2021,7.659999847412109,7.769999980926514,10400,7.769999980926514,7.659999847412109,7.21428918838501
25-06-2021,7.360000133514404,7.690000057220459,85900,7.690000057220459,7.480000019073486,7.044763088226318
28-06-2021,7.460000038146973,7.5,25300,7.550000190734863,7.53000020980835,7.091853618621826
29-06-2021,7.420000076293945,7.630000114440918,54100,7.630000114440918,7.53000020980835,7.091853618621826
30-06-2021,7.429999828338623,7.539999961853027,13700,7.599999904632568,7.429999828338623,6.997672080993652
01-07-2021,7.449999809265137,7.53000020980835,13000,7.619999885559082,7.550000190734863,7.110690116882324
02-07-2021,7.53000020980835,7.579999923706055,6100,7.599999904632568,7.550000190734863,7.110690116882324
06-07-2021,7.510000228881836,7.579999923706055,19700,7.619999885559082,7.610000133514404,7.167198657989502
07-07-2021,7.449999809265137,7.570000171661377,10100,7.579999923706055,7.539999961853027,7.101271629333496
08-07-2021,7.210000038146973,7.46999979019165,33500,7.639999866485596,7.619999885559082,7.176616668701172
09-07-2021,7.579999923706055,7.619999885559082,9500,7.630000114440918,7.619999885559082,7.176616668701172
12-07-2021,7.559999942779541,7.570000171661377,7600,7.610000133514404,7.599999904632568,7.157780647277832
13-07-2021,7.590000152587891,7.610000133514404,900,7.610000133514404,7.590000152587891,7.148362636566162
14-07-2021,7.559999942779541,7.579999923706055,30500,7.659999847412109,7.639999866485596,7.19545316696167
15-07-2021,7.590000152587891,7.650000095367432,10900,7.670000076293945,7.659999847412109,7.21428918838501
16-07-2021,7.550000190734863,7.659999847412109,7200,7.670000076293945,7.550000190734863,7.110690116882324
19-07-2021,7.460000038146973,7.550000190734863,11800,7.639999866485596,7.510000228881836,7.073017597198486
20-07-2021,7.420000076293945,7.559999942779541,12500,7.619999885559082,7.510000228881836,7.073017597198486
21-07-2021,7.519999980926514,7.550000190734863,8100,7.610000133514404,7.550000190734863,7.110690116882324
22-07-2021,7.440000057220459,7.5,15700,7.5,7.480000019073486,7.044763088226318
23-07-2021,7.420000076293945,7.449999809265137,6300,7.519999980926514,7.46999979019165,7.03534460067749
26-07-2021,7.329999923706055,7.579999923706055,24000,7.579999923706055,7.360000133514404,6.931745529174805
27-07-2021,7.369999885559082,7.429999828338623,8300,7.449999809265137,7.429999828338623,6.997672080993652
28-07-2021,7.349999904632568,7.349999904632568,7600,7.480000019073486,7.440000057220459,7.0070905685424805
29-07-2021,7.340000152587891,7.489999771118164,4300,7.489999771118164,7.420000076293945,6.988254070281982
30-07-2021,7.25,7.340000152587891,9000,7.400000095367432,7.320000171661377,6.894073009490967
02-08-2021,7.300000190734863,7.389999866485596,8900,7.389999866485596,7.349999904632568,6.922327041625977
03-08-2021,7.300000190734863,7.300000190734863,12900,7.460000038146973,7.349999904632568,6.922327041625977
04-08-2021,7.239999771118164,7.300000190734863,15400,7.460000038146973,7.349999904632568,6.922327041625977
05-08-2021,7.269999980926514,7.269999980926514,8000,7.369999885559082,7.329999923706055,6.903491020202637
06-08-2021,7.329999923706055,7.329999923706055,10600,7.46999979019165,7.389999866485596,6.9599995613098145
09-08-2021,7.389999866485596,7.389999866485596,7600,7.440000057220459,7.429999828338623,6.997672080993652
10-08-2021,7.389999866485596,7.46999979019165,6900,7.46999979019165,7.389999866485596,6.9599995613098145
11-08-2021,7.369999885559082,7.420000076293945,43100,7.489999771118164,7.46999979019165,7.03534460067749
12-08-2021,7.420000076293945,7.46999979019165,10500,7.519999980926514,7.519999980926514,7.082435607910156
13-08-2021,7.409999847412109,7.519999980926514,85000,7.96999979019165,7.96999979019165,7.506251335144043
16-08-2021,7.5,7.869999885559082,48800,7.869999885559082,7.590000152587891,7.148362636566162
17-08-2021,6.5,7.53000020980835,88200,7.590000152587891,7.25,6.828145980834961
18-08-2021,7.230000019073486,7.25,10200,7.320000171661377,7.260000228881836,6.837564468383789
19-08-2021,7.050000190734863,7.170000076293945,8200,7.21999979019165,7.190000057220459,6.771636962890625
20-08-2021,7.130000114440918,7.230000019073486,6400,7.230000019073486,7.179999828338623,6.762218952178955
23-08-2021,7.119999885559082,7.260000228881836,111900,7.599999904632568,7.289999961853027,6.865818500518799
24-08-2021,7.190000057220459,7.21999979019165,11200,7.289999961853027,7.199999809265137,6.781054973602295
25-08-2021,7.150000095367432,7.150000095367432,11400,7.340000152587891,7.25,6.828145980834961
26-08-2021,7.25,7.25,2700,7.289999961853027,7.289999961853027,6.865818500518799
27-08-2021,7.239999771118164,7.300000190734863,79700,7.539999961853027,7.300000190734863,6.875236988067627
30-08-2021,7.329999923706055,7.340000152587891,35100,7.539999961853027,7.449999809265137,7.01650857925415
31-08-2021,7.369999885559082,7.489999771118164,29400,7.539999961853027,7.489999771118164,7.054181098937988
01-09-2021,7.369999885559082,7.53000020980835,17100,7.53000020980835,7.420000076293945,6.988254070281982
02-09-2021,7.28000020980835,7.53000020980835,10500,7.53000020980835,7.300000190734863,6.875236988067627
03-09-2021,7.349999904632568,7.429999828338623,6400,7.429999828338623,7.349999904632568,6.922327041625977
07-09-2021,7.25,7.349999904632568,18300,7.349999904632568,7.28000020980835,6.856400489807129
08-09-2021,7.190000057220459,7.289999961853027,5700,7.289999961853027,7.190000057220459,6.771636962890625
09-09-2021,7.079999923706055,7.150000095367432,7600,7.210000038146973,7.159999847412109,6.743382453918457
10-09-2021,7.139999866485596,7.210000038146973,13400,7.300000190734863,7.260000228881836,6.837564468383789
13-09-2021,7.119999885559082,7.25,6600,7.25,7.170000076293945,6.752800941467285
14-09-2021,7.119999885559082,7.150000095367432,16800,7.210000038146973,7.130000114440918,6.715128421783447
15-09-2021,7.110000133514404,7.139999866485596,5300,7.190000057220459,7.119999885559082,6.705709934234619
16-09-2021,7.119999885559082,7.159999847412109,5700,7.159999847412109,7.139999866485596,6.724546432495117
17-09-2021,7.139999866485596,7.199999809265137,51900,7.670000076293945,7.670000076293945,7.223707675933838
20-09-2021,6.809999942779541,7.489999771118164,65900,7.489999771118164,7.170000076293945,6.752800941467285
21-09-2021,7.119999885559082,7.119999885559082,12300,7.349999904632568,7.320000171661377,6.894073009490967
22-09-2021,7.269999980926514,7.380000114440918,6900,7.409999847412109,7.360000133514404,6.931745529174805
23-09-2021,7.199999809265137,7.389999866485596,10600,7.389999866485596,7.239999771118164,6.818727493286133
24-09-2021,7.190000057220459,7.269999980926514,38500,7.409999847412109,7.329999923706055,6.903491020202637
27-09-2021,7.159999847412109,7.349999904632568,53700,7.389999866485596,7.230000019073486,6.809309482574463
28-09-2021,7.28000020980835,7.340000152587891,7400,7.389999866485596,7.369999885559082,6.941163539886475
29-09-2021,7.349999904632568,7.420000076293945,2500,7.420000076293945,7.389999866485596,6.9599995613098145
30-09-2021,7.28000020980835,7.409999847412109,2000,7.409999847412109,7.400000095367432,6.969418048858643
01-10-2021,7.320000171661377,7.46999979019165,3900,7.46999979019165,7.380000114440918,6.9505815505981445
04-10-2021,7.309999942779541,7.329999923706055,3900,7.409999847412109,7.329999923706055,6.903491020202637
05-10-2021,7.289999961853027,7.329999923706055,3100,7.349999904632568,7.349999904632568,6.922327041625977
06-10-2021,7.269999980926514,7.289999961853027,3800,7.369999885559082,7.369999885559082,6.941163539886475
07-10-2021,7.400000095367432,7.409999847412109,1900,7.420000076293945,7.400000095367432,6.969418048858643
08-10-2021,7.300000190734863,7.309999942779541,1200,7.400000095367432,7.400000095367432,6.969418048858643
11-10-2021,7.360000133514404,7.360000133514404,600,7.360000133514404,7.360000133514404,6.931745529174805
12-10-2021,7.340000152587891,7.340000152587891,11100,7.46999979019165,7.420000076293945,6.988254070281982
13-10-2021,7.460000038146973,7.460000038146973,21900,7.5,7.5,7.063599109649658
14-10-2021,7.480000019073486,7.489999771118164,3000,7.5,7.480000019073486,7.044763088226318
15-10-2021,7.420000076293945,7.480000019073486,39500,7.519999980926514,7.489999771118164,7.054181098937988
18-10-2021,7.5,7.5,14800,7.599999904632568,7.599999904632568,7.157780647277832
19-10-2021,7.5,7.510000228881836,3600,7.599999904632568,7.559999942779541,7.120108127593994
20-10-2021,7.5,7.550000190734863,3000,7.559999942779541,7.510000228881836,7.073017597198486
21-10-2021,7.429999828338623,7.489999771118164,40100,7.789999961853027,7.599999904632568,7.157780647277832
22-10-2021,7.53000020980835,7.53000020980835,2800,7.590000152587891,7.590000152587891,7.148362636566162
25-10-2021,7.559999942779541,7.579999923706055,5000,7.670000076293945,7.599999904632568,7.157780647277832
26-10-2021,7.199999809265137,7.650000095367432,40800,7.670000076293945,7.570000171661377,7.129526138305664
27-10-2021,7.159999847412109,7.460000038146973,6700,7.46999979019165,7.199999809265137,6.781054973602295
28-10-2021,7.25,7.400000095367432,4100,7.409999847412109,7.309999942779541,6.884654521942139
29-10-2021,7.340000152587891,7.369999885559082,10000,7.489999771118164,7.400000095367432,6.969418048858643
01-11-2021,7.429999828338623,7.5,8500,7.579999923706055,7.570000171661377,7.129526138305664
02-11-2021,7.239999771118164,7.550000190734863,25100,7.570000171661377,7.480000019073486,7.044763088226318
03-11-2021,7.400000095367432,7.46999979019165,3000,7.46999979019165,7.440000057220459,7.0070905685424805
04-11-2021,7.340000152587891,7.489999771118164,7800,7.489999771118164,7.340000152587891,6.912909030914307
05-11-2021,7.340000152587891,7.340000152587891,7300,7.5,7.480000019073486,7.044763088226318
08-11-2021,7.440000057220459,7.559999942779541,4400,7.590000152587891,7.460000038146973,7.02592658996582
09-11-2021,7.400000095367432,7.460000038146973,5200,7.480000019073486,7.46999979019165,7.03534460067749
10-11-2021,7.489999771118164,7.5,53000,7.78000020980835,7.78000020980835,7.327307224273682
11-11-2021,7.670000076293945,7.760000228881836,21600,7.829999923706055,7.800000190734863,7.3461432456970215
12-11-2021,7.78000020980835,7.829999923706055,73700,7.989999771118164,7.989999771118164,7.525087356567383
15-11-2021,7.960000038146973,8.0,22900,8.029999732971191,7.960000038146973,7.496833324432373
16-11-2021,7.760000228881836,7.869999885559082,17500,7.989999771118164,7.949999809265137,7.487414836883545
17-11-2021,7.900000095367432,8.0,9300,8.0,7.980000019073486,7.515669822692871
18-11-2021,7.840000152587891,7.909999847412109,9400,7.96999979019165,7.840000152587891,7.383815765380859
19-11-2021,7.630000114440918,7.760000228881836,20700,7.889999866485596,7.710000038146973,7.261380195617676
22-11-2021,7.659999847412109,7.800000190734863,19300,7.880000114440918,7.800000190734863,7.3461432456970215
23-11-2021,7.699999809265137,7.800000190734863,4300,7.800000190734863,7.730000019073486,7.280216217041016
24-11-2021,7.670000076293945,7.800000190734863,16000,7.869999885559082,7.800000190734863,7.3461432456970215
26-11-2021,7.699999809265137,7.78000020980835,11400,7.880000114440918,7.789999961853027,7.336725234985352
29-11-2021,7.670000076293945,7.820000171661377,26200,7.869999885559082,7.699999809265137,7.251961708068848
30-11-2021,7.539999961853027,7.650000095367432,30900,7.710000038146973,7.599999904632568,7.157780647277832
01-12-2021,7.539999961853027,7.78000020980835,10200,7.78000020980835,7.599999904632568,7.157780647277832
02-12-2021,7.559999942779541,7.590000152587891,15000,7.659999847412109,7.659999847412109,7.21428918838501
03-12-2021,7.409999847412109,7.599999904632568,37700,7.630000114440918,7.5,7.063599109649658
06-12-2021,7.429999828338623,7.480000019073486,35300,7.630000114440918,7.489999771118164,7.054181098937988
07-12-2021,7.429999828338623,7.480000019073486,50700,7.539999961853027,7.489999771118164,7.054181098937988
08-12-2021,7.329999923706055,7.539999961853027,59900,7.539999961853027,7.389999866485596,6.9599995613098145
09-12-2021,6.989999771118164,6.989999771118164,28700,7.130000114440918,7.03000020980835,7.03000020980835
10-12-2021,6.900000095367432,6.949999809265137,26800,7.090000152587891,7.039999961853027,7.039999961853027
13-12-2021,7.019999980926514,7.150000095367432,13300,7.150000095367432,7.039999961853027,7.039999961853027
14-12-2021,7.0,7.150000095367432,12600,7.150000095367432,7.090000152587891,7.090000152587891
15-12-2021,6.909999847412109,7.079999923706055,33400,7.079999923706055,6.989999771118164,6.989999771118164
16-12-2021,6.989999771118164,7.010000228881836,3300,7.059999942779541,7.039999961853027,7.039999961853027
17-12-2021,6.860000133514404,7.110000133514404,18800,7.110000133514404,6.980000019073486,6.980000019073486
20-12-2021,6.78000020980835,6.78000020980835,33000,7.019999980926514,6.980000019073486,6.980000019073486
21-12-2021,6.840000152587891,7.039999961853027,8800,7.039999961853027,6.929999828338623,6.929999828338623
22-12-2021,6.809999942779541,6.809999942779541,24600,7.090000152587891,6.960000038146973,6.960000038146973
23-12-2021,6.900000095367432,7.090000152587891,6800,7.090000152587891,7.039999961853027,7.039999961853027
27-12-2021,7.039999961853027,7.059999942779541,5800,7.099999904632568,7.050000190734863,7.050000190734863
28-12-2021,6.96999979019165,7.099999904632568,6200,7.110000133514404,7.059999942779541,7.059999942779541
29-12-2021,6.960000038146973,6.960000038146973,19000,7.25,7.150000095367432,7.150000095367432
30-12-2021,7.130000114440918,7.139999866485596,6200,7.199999809265137,7.199999809265137,7.199999809265137
31-12-2021,7.159999847412109,7.300000190734863,24400,7.300000190734863,7.28000020980835,7.28000020980835
03-01-2022,7.190000057220459,7.28000020980835,12400,7.300000190734863,7.300000190734863,7.300000190734863
04-01-2022,7.170000076293945,7.289999961853027,16200,7.289999961853027,7.25,7.25
05-01-2022,7.210000038146973,7.289999961853027,9700,7.289999961853027,7.260000228881836,7.260000228881836
06-01-2022,7.25,7.260000228881836,15300,7.300000190734863,7.269999980926514,7.269999980926514
07-01-2022,7.25,7.269999980926514,6000,7.28000020980835,7.25,7.25
10-01-2022,7.110000133514404,7.269999980926514,10500,7.28000020980835,7.190000057220459,7.190000057220459
11-01-2022,7.150000095367432,7.159999847412109,5500,7.230000019073486,7.190000057220459,7.190000057220459
12-01-2022,7.070000171661377,7.21999979019165,7500,7.230000019073486,7.110000133514404,7.110000133514404
13-01-2022,7.059999942779541,7.150000095367432,5700,7.150000095367432,7.130000114440918,7.130000114440918
14-01-2022,7.099999904632568,7.139999866485596,2700,7.139999866485596,7.119999885559082,7.119999885559082
18-01-2022,6.989999771118164,7.159999847412109,10500,7.159999847412109,6.989999771118164,6.989999771118164
19-01-2022,6.989999771118164,7.059999942779541,16900,7.119999885559082,7.110000133514404,7.110000133514404
20-01-2022,7.019999980926514,7.130000114440918,10300,7.139999866485596,7.039999961853027,7.039999961853027
21-01-2022,6.989999771118164,6.989999771118164,277,6.989999771118164,6.989999771118164,6.989999771118164
